0.03454861263454889 1.9136076142048217 6.303623334100166 0.004280860974596311
0.07355849386049869 0.06722231322416083 0.05381416971035337 0.05364803800077631 0.05088313447129897 0.05020490526291966 0.04877720338226947 0.048089040379151675 0.046781050340059256 0.0450945188803338 0.041906409767860114 0.040514684172978 0.040246459288617455 0.039198478082225055 0.03824235728660589 0.03739212484265101 0.03675166586803911 0.03524909346452652 0.03404734155818596 0.03313087004075977 0.029167320493351013 0.02793792510138897
0.02743650948739788 0.02348581653184236 0.015895574556966583 0.015808687565759247 0.014390254479101009 0.01405039667785315 0.013345610486262729 0.013011108538691597 0.012384803779011971 0.011595878694685645 0.010163449166503446 0.009562960933209618 0.009449000035028299 0.009009291691796383 0.00861590881691679 0.008272407240308461 0.00801762304687383 0.007433429544845938 0.006980068669115979 0.00664274650789078 0.005269949069739109 0.0048732786452529275
0.0869153948861362 4.080911488097844 2.4502134215952984 0.0034645462088214746
0.07251895835058651 0.06593932521150667 0.05204824435270357 0.051876602859103574 0.04902228498576437 0.048322816085595986 0.04685135683780427 0.046142580208398246 0.044796301153582234 0.043062192575594745 0.03978999687754564 0.03836408917944485 0.03808945888889931 0.03701702567951709 0.03603940424293962 0.03517070899805189 0.03451675493513949 0.032983927835247825 0.03175941039440344 0.030826438972830713 0.026800133610594877 0.025554092305965566
0.02593405569964907 0.021836279537314183 0.014084516120410333 0.013997202631533182 0.012578064459298051 0.012239911710928246 0.011541187591173953 0.011210818004290813 0.010594562004172832 0.00982287656146875 0.008436322543080745 0.007861311270268451 0.007752639150593201 0.007334760450336271 0.00696290226251156 0.0066398173095369335 0.006401196903151027 0.005857528603472052 0.005439151634672049 0.00513000364858515 0.0038931014178025126 0.0035428904315932654
0.03834862165063091 2.0083228686462196 5.651479527594897 0.0035981853657288385
0.07524031828969094 0.06886792238700988 0.055307383922368974 0.05513875025452836 0.052330108288613106 0.051640552728465045 0.05018825253630363 0.049487870694020344 0.04815601518448408 0.046437489276500946 0.04318523536618161 0.04176404670607276 0.0414900436737962 0.04041918166309196 0.03944176685523961 0.03857226798622789 0.03791709324601363 0.036379323682567605 0.03514875550949145 0.03420991945044426 0.030145926591465186 0.02888420097319411
0.028458957640983922 0.024403744167476607 0.01655738973582565 0.01646716963378943 0.014993126035422456 0.014639615938715354 0.013906126980053807 0.013557821460548465 0.01290536731463883 0.012082957377782089 0.010588274472255212 0.009961174295794682 0.00984213116518598 0.009382722911057344 0.00897159912259008 0.008612521757975706 0.00834613675763118 0.007735202583196606 0.007260968601324044 0.0069080567409349584 0.005471452176688635 0.0050562920311544995
0.08960482782093382 4.066194796591237 2.3334195417638632 0.003970611249106221
0.07250553391472926 0.06599351886710904 0.052210531177664554 0.05203992907939697 0.04920183560715914 0.048506037778258786 0.04704191034204435 0.04633647648437117 0.044996209489046174 0.04326919549953314 0.040008408072782144 0.038586669056256497 0.03831278613059303 0.037243100503510915 0.03626774778771174 0.035400880873054624 0.034748187408855144 0.03321792855767022 0.031995077427434904 0.031063148666906383 0.027039147345178323 0.025793117858013786
0.026408430724011896 0.02228086820290053 0.014439074622244103 0.014350459841679783 0.01290915811839446 0.012565434487158827 0.011854831775729428 0.011518669262634468 0.010891295579240371 0.010105097138888932 0.008690718696812308 0.008103468683285186 0.007992435109164005 0.007565328220063266 0.007185056105671872 0.00685450127426441 0.006610265847847463 0.006053481893414815 0.005624693352692415 0.005307665165929186 0.004037497114720679 0.0036773088092619593
0.021457311841306503 0.7829150147491124 10.027954882400007 0.0044197373570109885
0.06936475073301179 0.06348993542459822 0.051213596297527156 0.05106255329210081 0.04855182719437322 0.047936780525128904 0.04664306977910676 0.04601994767331729 0.044836349044037785 0.04331159322108852 0.04043304387812116 0.0391777858959648 0.03893594471826759 0.037991285376733575 0.03712974069004341 0.03636383997718179 0.03578703880228113 0.03443422155355222 0.033352613246417785 0.03252796006556645 0.02896307206399306 0.02785774013282216
0.026473652983088253 0.022970531470124626 0.016263816999296368 0.01618676066962394 0.014926275416387275 0.01462343015098475 0.013994156254743404 0.01369484297918216 0.01313315436613683 0.012422960798921688 0.011124267987489531 0.010575588156439943 0.010471133749409039 0.010067054796837813 0.009704041321305349 0.009385799903768382 0.009148941580820184 0.008603023138889472 0.008176392897802616 0.007857098733951342 0.006538268112565425 0.006150287039853527
0.027040868627752013 1.6169669303435152 7.9517619643449855 0.004018959948548182
0.06929006432144863 0.06317214517030252 0.05036353142779313 0.050205895805549655 0.04758590667007997 0.04694421701039267 0.04559467351852452 0.04494477434630467 0.04371054961813618 0.04212109181852123 0.03912227685896412 0.037815461404429214 0.037563754762365675 0.036580778753807226 0.03568460284422981 0.03488817682875632 0.03428855416693176 0.03288279324126198 0.03175945946624111 0.030903364034207244 0.02720635592555904 0.026061332180507112
0.02560025090696165 0.021894185597028958 0.014853268244677292 0.014773157032595284 0.013466493087630238 0.013153708636310154 0.012505374960402714 0.012197796739288804 0.011622094587052196 0.010897195319259426 0.009581451157011561 0.009029883176703843 0.008925197416943495 0.008521232926558377 0.008159749813766113 0.00784402239076006 0.0076097793926051555 0.007072446899995149 0.0066551709631004876 0.0063445027680980245 0.00507786764210531 0.004710969540836659
0.027883374650110593 1.726558557781222 7.587987724985862 0.0028506349685719734
0.06890443350260231 0.06281647143171758 0.05005499682441179 0.049897833648914335 0.04728538519654769 0.04664545735694094 0.045299517869643674 0.044651307470234 0.0434202108648892 0.041834638698977154 0.03884276570258551 0.03753883591333949 0.037287676377819885 0.036306811724920174 0.035412527644908036 0.03461775828334328 0.034019368593698765 0.0326164539015513 0.03149535393500337 0.030640939185729917 0.02695101051516428 0.02580813128202206
0.025668720764914332 0.021927501329852394 0.014817678880444725 0.01473681510542752 0.013418141090439218 0.013102567761636777 0.012448580645246982 0.012138386605906592 0.0115579167582957 0.010827281575050562 0.009502040497615914 0.008946908477449386 0.008841577901808988 0.008435226619279996 0.008071752459794905 0.007754406203507263 0.007519039145935069 0.006979394982320292 0.0065606022978193426 0.006248977689282235 0.004980219589174515 0.004613328994621938
0.11877071523398652 4.032538740889657 1.7251244929840632 0.004848524756540628
0.07678976042524002 0.0702910130986081 0.056344800788726106 0.05617051764845085 0.05326516550861607 0.05255114216254947 0.051046428645047645 0.050320358002211844 0.04893894492594187 0.047155170725017785 0.04377576094883346 0.042297636209123975 0.04201256746376093 0.040898196170109334 0.039880718542264874 0.038975313061668626 0.038292923447162786 0.03669076974909744 0.03540819788177152 0.03442941811115461 0.03019013340168206 0.02887328591183067
0.02933511845185217 0.025036135245540905 0.016671563903745124 0.016575313347603014 0.01500356688014937 0.014626936625814303 0.013846004769345185 0.013475462370654931 0.012781954348300735 0.011909115711574741 0.010327620165867697 0.00966642729126793 0.009541094993760614 0.009058011500926322 0.00862656178279596 0.008250457201279824 0.007971910493368546 0.00733473502463661 0.006841876563989915 0.006476202120963539 0.004999124256555858 0.004576352813921802
0.10240185480945552 4.427764721004423 2.0315688103758482 0.003412689638911005
0.07137442922512698 0.06485874349265576 0.05112036372562436 0.05095076548364632 0.048131001192492945 0.047440166212055775 0.045987084957247876 0.045287264979589584 0.043958185822692744 0.04224659448770261 0.03901800238465692 0.03761155149883813 0.03734070033620661 0.036283122661705705 0.03531917912072078 0.03446274605534336 0.033818089961556434 0.032307281125139205 0.031100577758573233 0.030181311722523165 0.02621544344029793 0.024988519961102736
0.025626102916412954 0.021547911908922312 0.013852218788870078 0.013765707410015095 0.012360233885383041 0.01202551838843025 0.011334129541821622 0.0110073409135837 0.010397965635842088 0.009635281243828136 0.008266057345550415 0.007698704394938469 0.007591512704294064 0.007179428296213426 0.006812866150207704 0.006494493938198469 0.0062594230797791695 0.005724070539946879 0.005312320760624792 0.0050082048077074335 0.0037927133176710046 0.0034489825775014553
0.02108885086918766 1.0543749939288578 10.173566764818704 0.004216404147639031
0.06659583962912385 0.06072863845219415 0.04854464679572723 0.048395395572892734 0.045916816294116036 0.04531032553739462 0.044035488099464934 0.043421880721315226 0.04225711512116155 0.04075808877911846 0.03793261333098417 0.036702335269326036 0.03646543433462197 0.03554046569774118 0.034697423828543156 0.03394840596334783 0.0333845877346222 0.03206311907501361 0.03100747313142831 0.03020314494864705 0.026731276434825427 0.025656438140890254
0.024715665039730755 0.021275542662308043 0.014759610952109339 0.014685376770294925 0.013473422435127709 0.013182926625181644 0.012580212112973409 0.012293970700605186 0.011757605786419286 0.011080975901462948 0.00984845746625178 0.009329748843583653 0.00923114434114196 0.008850145582639845 0.0085084954818598 0.008209491689639564 0.007987270917434406 0.007476173712139587 0.007077861987439752 0.00678043258536496 0.0055586258646295105 0.005201472718335524
0.09066117688146402 4.000335430848072 2.2695845986821586 0.0036710583640386695
0.0727036940185175 0.0662546879609448 0.05256425540721125 0.05239444806441347 0.04956831346290133 0.04887508413963443 0.04741589467187781 0.046712614319393934 0.045376035227368 0.043652995457237526 0.040397336583945925 0.03897686865148248 0.03870316375064595 0.0376339675780253 0.03665877675478553 0.03579182744061339 0.0351389322239572 0.03360773356955679 0.032383665699264194 0.031450535244996025 0.027418686551546993 0.026169377432336736
0.026983918861952602 0.022822913837289342 0.014876683526522976 0.014786536049436083 0.013319049324414448 0.012968721021664305 0.012244005851806706 0.011900946708879527 0.01126031146444082 0.010456751658782444 0.009008934405260993 0.008406913376894372 0.008293025371151517 0.007854750260981378 0.00746427655246548 0.007124649684724692 0.006873585555100727 0.006300819517207183 0.005859312253642919 0.005532638744903457 0.004221567892113681 0.0038490505367171496
0.028934265523940295 1.3973981567129434 7.4255986933370375 0.0021505728717747187
0.07304448660364429 0.06689238305721837 0.05387845935046674 0.05371716676650465 0.05103238252390833 0.05037367035452001 0.048986850202175435 0.04831828704941803 0.047047345394606324 0.045408155645352895 0.04230806086803738 0.04095408965330627 0.04069309145068829 0.03967318693139203 0.038742456065130215 0.037914615785627874 0.03729090627884911 0.03582722261663534 0.03465615425543315 0.03376282707877028 0.029896779676970527 0.028696765832432438
0.02794847785019809 0.02409888689507239 0.016667739440596876 0.016582193442547265 0.01518335968976782 0.014847499892698433 0.014150043387766776 0.013818536834655603 0.013196937401557909 0.012412121650351451 0.010981221866396804 0.010378767798635712 0.010264240712223883 0.009821735321832612 0.009424983649522949 0.009077827990902702 0.008819880595212078 0.0082268775529601 0.007765068946389687 0.007420468722997772 0.006007960525348586 0.005596305877255045
0.026230027089867325 1.473548241814695 8.239908762513808 0.004300246813877807
0.06972069687603213 0.06361337101833851 0.050822936716458086 0.05066546749348278 0.04804797050120794 0.04740680828495009 0.04605826030795139 0.045408783570587 0.04417525491268208 0.042586480150945745 0.03958825876342254 0.0382814021309655 0.03802966588737672 0.037046506049688406 0.036150066604288884 0.03535332841714822 0.03475342174736411 0.03334682807552484 0.03222265883364486 0.03136582439618892 0.02766460351638308 0.0265179400266821
0.025849399309931003 0.02216169321153972 0.015140928107998563 0.015060873295589878 0.013754365345373887 0.013441388907781278 0.01279234702630184 0.012484278273201237 0.011907372414878747 0.01118038913993233 0.009859039649628951 0.009304333243650225 0.009198994061084056 0.008792326023983043 0.008428167296439304 0.008109893351075955 0.007873628474950356 0.007331204830921633 0.006909509104198353 0.006595264962810259 0.005311176012567272 0.004938232078327915
0.09036151417590255 3.98379615532192 2.2821615394597496 0.0032562881937273865
0.07287273353837981 0.06641469788007168 0.05270223238966438 0.05253212691291679 0.04970094030266777 0.0490064457804922 0.047544559725713115 0.04683996351726701 0.04550085464741139 0.043774497637574246 0.04051239941050687 0.03908905209698701 0.038814787532865394 0.03774339016178988 0.03676617101481239 0.03589740205806413 0.035243126311198296 0.033708655974395825 0.03248193870253989 0.03154676852901845 0.02750591228711005 0.026253749893939582
0.02703438862532779 0.022869855601577803 0.014913933930248488 0.014823650672505526 0.013353860331455993 0.013002955270972805 0.012277012690279601 0.011933355984341542 0.01129157544493829 0.010486522979025378 0.009035848625749618 0.008432571714664563 0.008318441391556491 0.007879219269019718 0.00748788190763811 0.007147488032779976 0.006895847144508618 0.006321733009988271 0.005879154480961528 0.005551669373957067 0.004237162678942169 0.0038636110091855467
0.01721625049998643 0.1270573091916954 12.344318421487237 0.004046804023810854
0.0673171547151025 0.061781203106358054 0.0502970145593792 0.05015628514579476 0.04781859851856005 0.04724637500004624 0.046043251982493344 0.04546399704162452 0.044364116349483736 0.042947913890753295 0.040276183505785566 0.03911177292932765 0.03888747482265118 0.03801145547228364 0.03721265999356011 0.036502650657102335 0.0359680031616786 0.034714238963210804 0.03371199115338791 0.0329479297102822 0.02964561209168911 0.02862184569161393
0.02644110805771297 0.023233659224220438 0.017102267144808912 0.017031635294907584 0.015874747221861073 0.015596306524459896 0.015017021681887987 0.01474110965775144 0.014222603554703582 0.013565475026749605 0.012358496664919802 0.011846102275949608 0.011748367033639365 0.01136967096029611 0.011028583827108123 0.010728829758996423 0.010505256818025947 0.009988295900718855 0.009582538549437218 0.00927776095347376 0.008007189657171326 0.007629209598268956
0.026744497783906418 1.803352722273065 7.9375690193134085 0.003280466870785646
0.06725385288239023 0.061187999644320694 0.048537667138516025 0.04838240754505262 0.04580346492200953 0.045172277377005965 0.04384539983033818 0.043206696349657146 0.04199423629476265 0.04043377958681278 0.03749266391715594 0.03621221105799978 0.035965666879482265 0.03500311312879137 0.03412591817127146 0.03334664912765381 0.03276012240247899 0.03138566172125914 0.03028793782365513 0.02945171300146609 0.0258439500558762 0.024727668246171924
0.024602552552369514 0.020943292939365515 0.014041387905592907 0.013963310008708023 0.012691497612598367 0.01238754575750706 0.011758155632328175 0.011459873837189286 0.010902128315358556 0.010200915831641072 0.008931468061542965 0.008400678931589009 0.008300034385979975 0.007911966624451552 0.0075651287092695935 0.007262530804351431 0.0070382398471320684 0.006524446625263798 0.006126168931296574 0.005830077316543696 0.004627105814741464 0.004280069518696222
0.022211495616357935 0.6651222334082771 9.77322258625387 0.0048943972530806484
0.07161196825441239 0.06569260582052781 0.0532689102874273 0.053115598039912046 0.05056553438512402 0.04994038698884331 0.0486248353458388 0.04799090638923493 0.046786267963477256 0.045233421482704664 0.042298834449916466 0.04101792045190809 0.0407710519490824 0.03980649555165998 0.03892644565274957 0.038143808710420384 0.037554227313414096 0.036170847216135976 0.03506421630713066 0.03422013938007092 0.030567935490011525 0.029434460693537577
0.027659338999269544 0.02410062707299492 0.017242672899902618 0.017163494496178162 0.01586690374018843 0.015554981002611643 0.01490632522085047 0.01459754034038864 0.014017623696195823 0.013283504784573113 0.011938360033545354 0.011368931453425086 0.011260447067833046 0.010840529432206236 0.010462940063775702 0.010131640387046312 0.009884887752639428 0.00931557079082329 0.008870050396997554 0.00853625278306499 0.00715386470654266 0.006745944834475049
0.04445290103381183 2.581593539227323 4.726998995494941 0.0036303176959427445
0.07268268153360745 0.06635332575546535 0.052920618356959354 0.05275394829653227 0.049979543367278736 0.049298846382780474 0.04786580598355003 0.04717500915141385 0.04586192380191137 0.04416868970348947 0.04096770087161263 0.03957034568680737 0.03930103936633578 0.03824885046864167 0.037288922613804426 0.03643533735990629 0.03579237669044444 0.03428402964409216 0.03307776916920644 0.03215793360953524 0.028180691212779326 0.026947360427546384
0.02737680506854243 0.023303609845348596 0.015487815041456788 0.015398642054897155 0.013944620749125756 0.013596778316573127 0.012876205517504577 0.012534605349001289 0.011895759923594054 0.011092571667722114 0.00963936236667716 0.009032451973005342 0.008917443615360263 0.008474239752537818 0.00807850472724133 0.007733588973052995 0.007478163562720885 0.006893904827897641 0.00644195052231872 0.006106573918510638 0.004750836918144711 0.0043622709620382265
0.1038370197335694 3.9847621136117373 1.9780317085597832 0.004119096573557573
0.07502706923001536 0.06854997616762544 0.05471210490905308 0.054539710562793144 0.051667781309352095 0.05096253000147896 0.04947702068327724 0.04876056424821685 0.047398065646971584 0.04563991728482167 0.04231273878950569 0.0408589582673813 0.04057868837392864 0.039483396602797184 0.03848378224779081 0.037594624928624726 0.03692469901672803 0.03535253646237531 0.034094700384339226 0.0331352259652924 0.02898371546383324 0.02769546215323693
0.0283444407536425 0.024099702215090387 0.015904290391009494 0.015810540547817956 0.014281628658422129 0.013915837314554395 0.013158114494398524 0.01279893908523898 0.012127336040620508 0.011283271190214479 0.00975751951147902 0.009121092728202143 0.0090005567699219 0.008536272432566308 0.008122041578949446 0.007761287710266884 0.007494320099860658 0.006884328353439296 0.006413189294859194 0.006064038616867246 0.004657570952111841 0.004256266377000798
0.11999427139856711 4.039356262197902 1.7554160562187244 0.005735021726266561
0.07795440897605206 0.07132929346448338 0.057125059782965344 0.056947666507540996 0.05399088277049898 0.05326433930306627 0.051733395563286 0.050994742768015675 0.04958952501036688 0.04777527146607235 0.04433891166727692 0.042836200992864525 0.042546413084760516 0.041413663171829325 0.04037950066185504 0.039459324346758466 0.03876584931344117 0.037137826297422204 0.03583470276280829 0.034840332109076846 0.0305344224033674 0.029197167661778704
0.029200527712035428 0.024901673627757047 0.016550793792021914 0.01645481867594478 0.014887997738410978 0.01451267090241548 0.013734599406199284 0.013365490418222862 0.012674800852183973 0.011805769070198983 0.010231950810341648 0.009574284041577766 0.009449642230300445 0.008969287963818155 0.00854036907288502 0.008166544846088891 0.007889732813210882 0.007256677442830059 0.006767157300953662 0.00640404928316423 0.004938186585781413 0.004518901811168407
0.06495560367355946 3.6617130473415753 3.2052136644480846 0.0045560497474706856
0.07044475235458947 0.06403862284331567 0.05053237369616032 0.050365627916408286 0.047593174939294436 0.04691389410854847 0.045485060859301964 0.044796890630094274 0.04348988144435603 0.041806597490879165 0.03863101021029987 0.03724747345807948 0.03698102198295489 0.03594058185409406 0.03499219937351881 0.03414954314606936 0.03351522632808119 0.03202854226809651 0.030840998338798057 0.029936261488800412 0.02603240164625541 0.02482443840792612
0.025637619964627045 0.0215871061260546 0.01393538098734924 0.013849252118351288 0.012449468283599928 0.0121159489673584 0.011426814169315182 0.01110098249068726 0.010493190636286209 0.009732087212424995 0.008364417181176123 0.007797152055938586 0.0076899361750929 0.007277630496030422 0.006910691404957867 0.006591844952669628 0.006356331260605102 0.005819655233129379 0.005406565254838626 0.005101263111960228 0.0038790908017649673 0.003532808663572072
0.026265484573553266 1.5625460055621747 8.223965493877714 0.0034027557758842196
0.0690167143396015 0.06290819212070396 0.05013775100479308 0.04998072484850911 0.047371312743791985 0.0467323390589133 0.04538866301260899 0.04474166303929091 0.04351307251694878 0.04193111117984741 0.03894714132706085 0.03764706712198096 0.03739667709596122 0.0364188976892186 0.03552753411811901 0.03473544297369558 0.034139119309807536 0.032741208171766956 0.03162425990652836 0.030773095826314423 0.027097990773523456 0.02595993867603447
0.025390745592825857 0.02171997033785979 0.014754463769940973 0.014675249420829897 0.013383253161317237 0.013073984665580657 0.012432933900218088 0.012128805347863522 0.011559543634817022 0.01084270871641155 0.009541396465104908 0.008995766320492694 0.00889219816381993 0.008492514851098846 0.008134816284502914 0.007822354358419919 0.007590507714610375 0.007058577942209674 0.006645396092186082 0.006337711111472559 0.005082543155900906 0.004718714190247374
0.020854030514833366 0.9580502016494514 10.344377873816686 0.0034172496848606255
0.06708781759544204 0.06122044285304788 0.04903114043557417 0.048881767645447015 0.04640092530174625 0.04579380790550086 0.044517555222537836 0.043903218030800974 0.04273697748446508 0.04123587486249169 0.03840591530470441 0.037173442045028794 0.03693610102737923 0.03600935965600122 0.03516462578982467 0.03441404291756486 0.03384900800793593 0.03252455658116693 0.03146639484763304 0.030660070093026036 0.027178792070566983 0.026100782404584806
0.024968365433490913 0.021538312766847846 0.015030168009430822 0.014955896267866276 0.01374278345933251 0.01345184679784011 0.012847997585085208 0.012561107839610107 0.012023326089684986 0.011344507076602835 0.010106711661400902 0.009585224030494303 0.009486050360489596 0.009102723315490578 0.00875880341675561 0.008457664172271881 0.008233761957340472 0.007718474087934486 0.007316562844467729 0.0070162408396518055 0.005780471183640819 0.005418516248374398
0.021914091965431037 1.0511558921173605 9.696844448280498 0.003515300598098854
0.06763526510218613 0.06175922390858122 0.04950766931854371 0.049357196626041176 0.04685699665863799 0.046244835565224754 0.04495759905082437 0.04433779373084763 0.0431608562756105 0.041645390207732405 0.038786606534402544 0.037540898755285664 0.03730096335529021 0.03636395311912911 0.035509670183506696 0.03475045478996763 0.03417883143405627 0.03283864120679062 0.031767615737063375 0.03095132151170865 0.027425427133940042 0.02633311178404124
0.02550151378681671 0.021987430489206497 0.015299634915111741 0.015223210217157683 0.013974774202218269 0.013675334003486729 0.013053817320718695 0.012758531356031501 0.012205020304173956 0.011506393746458921 0.010232765337957675 0.009696356321260877 0.009594360417945822 0.009200177809492331 0.00884659775093113 0.008537069633910377 0.008306976634929075 0.007777610051483706 0.007364901942513236 0.007056631391238594 0.0057894628670611 0.005418792934216868
0.02367118215956765 0.8558230955147617 9.152163986506771 0.004422655537439433
0.07195760866709121 0.06596960869481859 0.05337645638855033 0.053220881465069446 0.05063270164415669 0.04999808012362451 0.04866243875740315 0.04801875931759349 0.04679547602649467 0.04521838848722081 0.042237445257831255 0.04093611015071896 0.04068529473801022 0.0397052855928641 0.03881109654357602 0.03801585670785887 0.03741676507324699 0.036011022893214305 0.03488646298374003 0.03402869108651957 0.03031709959284545 0.029165168515377708
0.02768133049884344 0.024043451437196908 0.017030698432787806 0.016949803755003795 0.015625647261359687 0.01530726727692967 0.014645440248500141 0.014330518925244458 0.013739336770104658 0.01299149779173469 0.011623077872056152 0.011044652702816583 0.010934519523061582 0.010508429883557484 0.01012559180209829 0.009789938190699643 0.009540104394941875 0.008964243011205741 0.008514194763822246 0.00817737577209672 0.006786367453448204 0.006377284274371933
0.02149864235961252 1.0254380005989896 10.057167997946015 0.003768311154933662
0.06751814488557556 0.06160920332133415 0.0493206897103464 0.049170011034244045 0.0466672138570299 0.04605465051379602 0.04476686169021572 0.044146930566238696 0.04297000101713846 0.04145501312072906 0.03859852300095076 0.0373543655786897 0.03711476621570949 0.036179182342736885 0.035326356064971705 0.03456855822580662 0.03399807744037851 0.0326608149126992 0.03159237473592938 0.03077819397312049 0.027262790723434332 0.026174154162783604
0.025079242621613734 0.021613820869336532 0.015036109902720649 0.014961057047699757 0.013735333914309611 0.013441422149668762 0.012831472480984948 0.01254172357951178 0.011998659107417412 0.011313333762678911 0.010064237304436018 0.009538248905005004 0.009438239215310328 0.009051745008820526 0.008705075638349347 0.008401605830532666 0.008176020277916054 0.00765703102844398 0.007252414191354493 0.006950183816562344 0.005707745297000514 0.005344256294035621
0.07929666768153443 3.764727458491629 2.605791320307538 0.0029397580355258715
0.07269183848545217 0.06625717905604211 0.052594172545163534 0.05242467358286286 0.04960354001921213 0.04891149852855674 0.04745475756565673 0.04675263177488643 0.045418200161433386 0.04369783644939978 0.040446940856987475 0.03902842771023772 0.03875509069285725 0.03768730420526879 0.03671336083354717 0.03584748963117305 0.0351953870599737 0.03366598212164558 0.03244328221931188 0.03151115519821371 0.027483252744263633 0.02623503983455063
0.027046242319238925 0.022887829600824413 0.014941229178743012 0.014851021358510654 0.01338231951318585 0.013031632168546295 0.012306082596732444 0.011962583263328457 0.011321043501665564 0.010516187208850425 0.009065527034255833 0.008462109184912853 0.008347941435532413 0.007908541410571228 0.007516997955468936 0.007176385998081742 0.006924559380548 0.00634993811004542 0.005906883210341049 0.00557899352594354 0.004262346185529433 0.0038880095196768645
0.029561005536337448 1.6620742200199654 7.3026795150799835 0.003254467962377042
0.07142445072598898 0.0652255802309525 0.0521751316775421 0.052013939384100094 0.0493328673505693 0.04867565757437971 0.04729276685177344 0.04662647028157305 0.045360507160021664 0.04372903770073777 0.04064755430355101 0.039303357506304225 0.03904435827619687 0.0380326202199916 0.03710983403925765 0.03628945341709639 0.035671607739921105 0.034222502198845706 0.03306391634052212 0.03218059562005093 0.02836257859438975 0.0271789906687028
0.026662388531922245 0.022845513640425107 0.015544758507718902 0.01546133619511812 0.014099606712446233 0.013773349810141004 0.013096741689558166 0.012775587623734812 0.01217420071194876 0.011416463567461307 0.010039764309304344 0.009462151600428001 0.00935249131214336 0.00892923989041115 0.008550378502218764 0.008219383185720141 0.007973760542728001 0.00741016306688235 0.00697234339555554 0.006646301493115399 0.005316370691356988 0.004930980414480799
0.02376765858640595 1.135845424870059 8.84718004071489 0.0030063933972671814
0.06918891652253686 0.06327006810531433 0.05085609997242509 0.05070305863872019 0.048158270642262115 0.047534652379356224 0.04622264618839564 0.04559059081879858 0.04438982275292414 0.04284259306680279 0.03992068847382844 0.03864621037471772 0.038400647691552596 0.03744140005461621 0.03656648521935364 0.03578865245787184 0.03520283971755175 0.033828813391297 0.032730187015922084 0.031892530343784205 0.028271263092704075 0.027148427453277564
0.026527585168077312 0.022889956584630073 0.015924345379102936 0.01584447031567777 0.014538955492618251 0.014225636344593565 0.013575101032182974 0.013265934173736267 0.012686253876135626 0.011954346976863511 0.010619474998252807 0.010057114011510566 0.009950176378628111 0.009536880564698445 0.009166143261279316 0.008841593117971289 0.008600335897412263 0.00804530979819167 0.007612641069185256 0.007289499153430083 0.005961757833647093 0.005573613812915183
0.07142009048532194 3.5294849917377182 2.9314690297012698 0.005061501068857897
0.07341100092569491 0.06694537040684592 0.053205698975704555 0.053035146830199116 0.05019609181278204 0.049499539591099866 0.04803315380276916 0.04732630621111013 0.045982768098737886 0.044250405621082414 0.040976030388065465 0.039546938005316626 0.0392715389817485 0.038195624472000866 0.03721416616160907 0.03634153273133646 0.035684286980560524 0.03414264978860195 0.032910000027966846 0.031970186386804024 0.027908075306713187 0.026648940867635484
0.027275481803895683 0.023109609456608143 0.015134345130883058 0.015043671797552215 0.013566840018388211 0.013214050047101744 0.012483938632054697 0.012138175962274489 0.011492221653408635 0.010681462459773881 0.009219037939066135 0.008610256561356583 0.008495040427739735 0.008051501144456881 0.0076561242682617586 0.007312060817340705 0.007057609492846768 0.006476754255912581 0.006028645347424097 0.005696866672093695 0.004363160951037767 0.003983491692253422
0.08586545579174742 3.660283856416399 2.4400773554129502 0.004031928771980369
0.0754815763370038 0.06896605505884702 0.05504933128645718 0.05487597706989621 0.051988122119236965 0.051278977637058125 0.049785288852823045 0.04906489713284951 0.04769493094420901 0.04592717566722597 0.042581895213179476 0.0411202328648702 0.04083844515413963 0.03973722663087783 0.03873220955548407 0.03783825113760444 0.03716471054022108 0.03558407320361907 0.03431946391481992 0.033354826624648316 0.0291810057162622 0.027885836315318213
0.028343920533524143 0.024101937433986347 0.015913129993320493 0.015819457613154866 0.01429178655715715 0.013926283643790366 0.01316914404814365 0.012810237250743005 0.012139120374304294 0.011295631334158195 0.009770792270836987 0.009134684690075758 0.00901420437600211 0.008550118715284686 0.008136042536459543 0.00777540437766531 0.007508510102898676 0.006898642870216102 0.006427554559517062 0.0060784129648234365 0.004671685351602326 0.004270201058502799
0.03502241165769193 1.9416393319940684 6.250576270290972 0.004287662767944754
0.07378247423703219 0.06741815717998975 0.05395150466924748 0.05378466093958003 0.05100796596504172 0.050326861948848 0.048893132430195385 0.0482020760026333 0.046888608579292355 0.04519505882396405 0.041993826044305946 0.04059643288044985 0.04032712011083753 0.039274902302112516 0.03831493573825576 0.03746129923270938 0.036818285968844545 0.03530975468429005 0.034103271154091265 0.03318321181504831 0.029204350683418433 0.027970273068401816
0.027405374736757672 0.023449966664439707 0.01585345418552597 0.01576652752300006 0.01434758757203848 0.01400765052490542 0.013302756993035464 0.012968232464637875 0.012341937777751935 0.011553129451324032 0.010121244933040017 0.009521128904216612 0.009407249150371822 0.00896788698291103 0.00857486034684051 0.008231707828249694 0.00797720654443084 0.007393743638980225 0.006941033854986595 0.0066042475292164785 0.005234146209777448 0.004838431778352702
0.019335974134193856 0.5459428830774093 11.16983562428147 0.003955283682037142
0.06800213775181682 0.06224260017043088 0.050267902795280255 0.0501210144365012 0.047680722364779056 0.0470833116409079 0.04582716483339853 0.045222355634060574 0.0440739220449191 0.042595173440627715 0.03980550505338648 0.038589776622027755 0.038355602034229615 0.03744104113248855 0.03660715162712655 0.035865994241959784 0.035307922589194386 0.033999341987911866 0.03295339990148174 0.0321561092696597 0.028711061156977677 0.02764335880032903
0.02591969039611416 0.022564753786619818 0.016161478651335645 0.016087949301929486 0.014884912705696914 0.01459577386534589 0.013994812370938085 0.013708872314208066 0.013172085608274571 0.012492948275428229 0.01124945374683095 0.01072332167687905 0.010623098934840175 0.010235190820282793 0.009886415704453498 0.009580411887054075 0.009352502530510665 0.008826647374109205 0.008415097493590222 0.008106710472172417 0.006828883338973415 0.006451505366043936
0.02710031426322801 1.4240125883644594 8.031237025559259 0.003509989047666667
0.07119618078748541 0.06504132104418756 0.052111465560601714 0.05195194846607293 0.04929924983823689 0.048649132340181464 0.0472813245473588 0.04662236769339237 0.04537046993451669 0.043757337885052684 0.040711035161016165 0.03938236696958069 0.039126370365744914 0.03812639081656441 0.037214365967069264 0.03640357792126338 0.03579297046238747 0.034360880476928105 0.03321592987430012 0.032343018393190835 0.02857005694930053 0.02740043735649874
0.026550333453548687 0.022812797172377813 0.015664758381666234 0.015582986370010267 0.01424753484093706 0.013927362648408777 0.013263065906600752 0.012947596640213437 0.012356549334969633 0.011611207312248585 0.010254880487912779 0.009684840128296953 0.009576543704723776 0.009158319955406788 0.008783621780656965 0.008455983806263822 0.008212673311081154 0.007653759728985981 0.007218929783657492 0.006894711210447705 0.005568064617405592 0.005182166925582186
0.031689152836358425 1.982051898987013 6.802050033001668 0.005107515506604601
0.0705134155141955 0.06426670670737772 0.05114271138860728 0.05098088447495864 0.048290361103929424 0.04763115986594524 0.04624450962821599 0.04557661353959512 0.04430799797456189 0.04267387130047249 0.03958977216819609 0.03824544222763629 0.03798648877118204 0.036975152212058986 0.036053042949707514 0.03523351431235754 0.03461646626364121 0.03316975863116596 0.032013622203140565 0.03113248637365461 0.027327044048994727 0.026148370003110894
0.02591716958106161 0.022085202562197318 0.014800662827015266 0.01471789716155353 0.013368835483719097 0.013046191408377669 0.01237784503702289 0.012060992309878761 0.011468354807910008 0.010723010272480455 0.009373143366768666 0.008808626626322275 0.008701585660631946 0.00828886074274999 0.007920005642635812 0.007598226576256042 0.007359741389842381 0.006813534436149365 0.006390259106341397 0.006075676976783017 0.004798746020193543 0.0044308429990701625
0.054664398352243015 2.982031155083864 3.9167852779774632 0.0029898830977079225
0.07399486217735894 0.0675119757264428 0.05374354876389669 0.053572670676967034 0.05072819169981693 0.05003030232485311 0.04856108144834931 0.04785285427163255 0.046506663642496546 0.04477080821538659 0.041489536502145534 0.04005728586947935 0.03978126646680481 0.03870288962745474 0.037719128968493866 0.03684440106964651 0.03618554716563874 0.034640030038217404 0.03340416461735492 0.032461828958416664 0.028388085579514364 0.027125097566659224
0.027372743102832886 0.023241577839931322 0.015324162142445029 0.01523399869400614 0.01376470656487035 0.013413481993638406 0.012686281417333536 0.012341730845675351 0.011697728143876379 0.01088878560389537 0.00942756195021044 0.008818363420752918 0.00870300014807201 0.008258678161851949 0.00786229777479957 0.007517109691399518 0.007261666940981981 0.006678000888050302 0.006227158062632136 0.0058930075507112835 0.004546270777481548 0.0041616818844184625
0.03240665046032165 1.5070850877768514 6.543063878237372 0.003423738228114317
0.07492435955609547 0.0687523492895844 0.05559746070513017 0.05543362374789811 0.05270377133793791 0.05203322929276846 0.05062052678250538 0.049939018521347196 0.048642641094979074 0.04696907033317086 0.04379923475711427 0.04241292498485711 0.042145564897444046 0.04110040850575757 0.04014609629189711 0.039296857539916914 0.03865676609032283 0.037153776657115396 0.035950408305979405 0.03503194429646254 0.03105235681286999 0.029815600373511653
0.02929513793005647 0.02530704361324352 0.01753835307310466 0.01744842361050397 0.015976467170620127 0.015622657789823627 0.014887463471568992 0.014537807270502814 0.013881821682468851 0.013052962954959856 0.011540127905577955 0.01090261846480565 0.010781394117001793 0.010312919982398935 0.00989276915703371 0.00952505891065222 0.009251795163597091 0.00862346043645581 0.008134044262851753 0.007768806246624743 0.00627163404339763 0.005835375474074395
0.024176988463568083 1.3636222346441835 8.882173046930404 0.0031702701834654093
0.06818200328537723 0.0621691193401342 0.04962193897181394 0.049467809983036126 0.046906949642565976 0.04627997376089535 0.04496165272994073 0.04432691817351618 0.043121711191623883 0.041570020408279125 0.03864355538845201 0.0373686668555539 0.03712313488309919 0.03616434615215418 0.03529031908086733 0.034513649784899646 0.03392894478233776 0.03255829197572708 0.03146313844977238 0.030628587749490056 0.027025204015458958 0.025909341807438587
0.025251408251765813 0.021655144415799632 0.014830500382201703 0.014752797510128052 0.013484867417133948 0.013181173973769366 0.012551411771619678 0.012252501345106522 0.011692743985636314 0.010987336503102123 0.009704949030417926 0.009166433376176234 0.009064153886554233 0.008669246263567834 0.008315540660282596 0.008006333957615085 0.007776753899728706 0.00724950964555801 0.006839431099868423 0.006533724684951259 0.005283214806556759 0.004919540313361494
0.04305119571468463 2.37180939880469 4.9960374954514855 0.0031567062055165474
0.07449441720803554 0.06808836661744039 0.05446787026658336 0.05429863655267399 0.05148066023925671 0.05078901143274341 0.04933257236412722 0.04863032902526466 0.047295183121140255 0.045572910600569595 0.04231518199949669 0.0408922934515004 0.040618012490176346 0.03954622078574243 0.03856817716821993 0.03769829716306426 0.03704294701937114 0.03550514617943786 0.03427493979572533 0.033336612022314534 0.0292771344271633 0.028017567692859704
0.027957148330874617 0.02386913798192772 0.015991767664318784 0.015901566315981414 0.014429481570600327 0.014076936983177683 0.013346121598515887 0.012999419372422875 0.012350584881283225 0.011533963428526733 0.010053726973356518 0.009434382713372075 0.009316935773653938 0.008864077559958588 0.008459363915896906 0.008106332897665597 0.007844716228410232 0.007245682534702198 0.006781676237185633 0.0064369799347594745 0.005039870907880891 0.004638198061445412
0.09361508953676867 3.6561589718125376 2.215990483778885 0.003944390014073618
0.07667424100184823 0.07018492668760289 0.05626112296050265 0.05608713554772612 0.053186761103561034 0.05247397430473221 0.0509718827055805 0.05024708472250166 0.04886810585821298 0.04708749854503671 0.04371415516034236 0.042238708594501906 0.04195415795449592 0.04084181672690935 0.039826198959837196 0.03892245328505032 0.03824131749446637 0.03664211670469194 0.035361917355128815 0.034384952945995265 0.030153573451694213 0.028839193999486354
0.029304504613032058 0.02500981783649348 0.016654994815517635 0.016558864588518983 0.014989100262300374 0.014612949114085508 0.01383301454702917 0.013462946825259264 0.01277032896516139 0.01189861222518885 0.010319144898187948 0.00965879430816081 0.009533621064348827 0.009051148411166582 0.00862024076610741 0.008244605533262114 0.007966404233087865 0.007330010667984454 0.006837747785267297 0.006472509090902357 0.004997122115563549 0.004574808333907713
0.04272947407272398 2.4313596301782656 5.032596454034637 0.0051895988841643825
0.0737807472285945 0.06737701551690965 0.05378903525487853 0.05362044249374286 0.050813991991528355 0.050125417710114854 0.04867576852795459 0.04797695171000402 0.04664859371923002 0.04493560426616095 0.041697046361263417 0.04028318630644518 0.040010691101651834 0.038946017361214884 0.037974662430641196 0.03711088527075094 0.0364602279137372 0.03493375651671669 0.033712930496051896 0.03278194435956139 0.0287560410043263 0.0275074706806825
0.02750591225885368 0.02344303606218079 0.015641003954055394 0.015551898000606317 0.014098526035374447 0.013750703259771619 0.013029983476590868 0.012688219040377775 0.012048889379784143 0.011244735631307215 0.009788615605997692 0.009179978134439548 0.009064604621028627 0.008619873595740889 0.008222605488076712 0.007876214390713954 0.007619608114711424 0.0070323456192009845 0.006577755466539397 0.006240231126902243 0.004873880641718381 0.004481605339480457
0.03242040502481092 2.0428092304536314 6.674138881038182 0.0035407963773802314
0.07066854645730444 0.06439266123016854 0.051208049484159926 0.051045490397155294 0.04834287637479913 0.04768073826000598 0.046287945825574495 0.045617109299234924 0.04434294257752025 0.04270173437810295 0.03960449864217092 0.03825454241159685 0.0379945124610302 0.03697899469381314 0.03605310558994386 0.035230244094400676 0.034610703328540916 0.033158208457212936 0.03199750551981442 0.031112924614089106 0.027292957273913707 0.02610990075616728
0.0258620712145382 0.022020337299334766 0.014722233643277514 0.01463937511693329 0.013289075490309573 0.012966218302020844 0.012297542994242178 0.011980590435753658 0.011387869982699798 0.010642627739775735 0.009293608384408751 0.008729732464566743 0.008622833971681901 0.008210724416019444 0.007842512115693293 0.007521369610335851 0.007283404100299357 0.006738550715387515 0.006316491967454645 0.006002916398850044 0.004731095670312986 0.004365016266347499
0.031871063835154256 1.6975189089270684 6.792014412390782 0.005496299722154814
0.07321160964145582 0.06695379860335192 0.05371663257400386 0.05355262712453737 0.05082303108671472 0.05015343314781067 0.04874385078159125 0.04806439431975967 0.04677289723387713 0.04510751072302908 0.04195893208290438 0.04058425595167991 0.04031930119456787 0.039284045676095745 0.03833946189991633 0.03749942789636641 0.03686661221736834 0.03538183624313844 0.03419417712482614 0.03328836663007189 0.02937003807754821 0.0281543723725093
0.02757836012066303 0.02367184107837966 0.016154571921794036 0.01606834379789857 0.01465979829624207 0.014322043961346335 0.013621252245207483 0.013288460812782 0.012665011595081611 0.011878983129853823 0.010449520619388501 0.009849266521277064 0.0097352751920299 0.009295211914289905 0.008901175430372648 0.008556826758217612 0.008301238587329724 0.0077145979701440355 0.007258713469516966 0.0069191290860476685 0.005533221596963046 0.00513140797135724
0.08684551338039304 4.093779578276369 2.365571887409784 0.002802285105389397
0.07115282550364227 0.06472745321025744 0.05114584641658148 0.0509778910049362 0.04818437940753391 0.047499670272507226 0.04605907995683911 0.045365085037160816 0.04404672708200352 0.04234828313983037 0.03914247270107072 0.037745123721385034 0.03747596830304632 0.03642483592666215 0.035466523698159405 0.03461490004345468 0.033973744314279075 0.032470738289801 0.03126986698467409 0.030354807734098044 0.026404797733463506 0.02518204691787715
0.026084358177023807 0.021983394622633802 0.014209923055259727 0.014122232432744412 0.012696500099658744 0.012356643490343844 0.011654230895122335 0.011322036846599161 0.010702235637594827 0.009925842187673258 0.008530037350646181 0.00795087381483046 0.007841395145062787 0.007420348628145916 0.007045580784394911 0.006719896297410894 0.006479312087479615 0.0059310253826289246 0.0055089523028715535 0.005196990021460676 0.003948057593018905 0.003594193714959101
0.01901044791141815 0.41159093899065907 11.284422572101649 0.0037644719541609526
0.06845820370200462 0.06275170480216864 0.05087138657028409 0.05072550798054919 0.048301423851317235 0.04770781524901758 0.046459445903577944 0.045858275286716335 0.04471655847404274 0.04324608266476302 0.04047084643758987 0.039260919265120056 0.0390278277273541 0.03811738975322511 0.037287110731875274 0.03654904289006999 0.035993223287614076 0.03468967295611173 0.03364749939802784 0.032852931438304464 0.02941817444174089 0.028353185052094408
0.026490008587816583 0.02314345674680164 0.016737524156152185 0.016663774531304316 0.015456351522689395 0.015165925826554906 0.014561978144901669 0.0142744627977444 0.013734434589328812 0.013050631649403774 0.011796783428146527 0.01126548670366652 0.01116422272001988 0.010772102925559838 0.010419284520480911 0.010109522810124618 0.009878681041538537 0.00934560041510523 0.008927919768399645 0.008614645527364554 0.007313551980255873 0.00692825048972413
0.11468241304903015 3.9745486680954816 1.7481768215104316 0.007120814395872765
0.0759037541293743 0.0695122809261582 0.05578115323807973 0.055609426357222054 0.0527462088822747 0.0520424024209316 0.05055904154034852 0.0498431879136829 0.04848105888469376 0.046721886470104605 0.04338816770257242 0.04192965364756711 0.04164834102227644 0.04054857280179802 0.039544317714727543 0.03865059006622546 0.03797694728217596 0.03639514729203517 0.03512868673196084 0.03416209449750341 0.029974550739837888 0.028673441100525898
0.02949805660623977 0.025198569207314284 0.0168170470887502 0.016720461147208602 0.015142728123824596 0.014764516508481965 0.013980117552240184 0.013607839130581343 0.012910920024470777 0.012033478331467546 0.010442711240379234 0.00977726401493031 0.009651098868600001 0.009164724150140689 0.008730223386390974 0.00835137040674965 0.00807073338300243 0.007428594373337497 0.006931715347627959 0.006562950604427587 0.0050723734173828946 0.0046454065631176015
0.12093707950350152 3.7772367265963704 1.6638499496400356 0.005292012227075649
0.0788988534331454 0.07249880520024381 0.05863984242967591 0.058465558071802856 0.05555619064733732 0.05484002640884793 0.05332931094097319 0.05259962165644251 0.05121002681486151 0.04941317766265045 0.046001279596340025 0.044505792402254725 0.04421715610044751 0.04308816249660373 0.04205639781075635 0.04113753252028761 0.04044453684386556 0.03881593564760301 0.03751064596247668 0.03651361678503447 0.03218641345730733 0.03083941379185124
0.03131326977147708 0.026929841000028803 0.018266524009682258 0.018165638602556745 0.016513805639102205 0.016116713656572787 0.015291719757763925 0.014899478623527954 0.014163945030199956 0.013235499017741847 0.01154504887875009 0.010834957203250123 0.01070012107172141 0.010179683333065176 0.009713875448810035 0.009307025725588496 0.00900521696797929 0.00831319266419211 0.0077762727217717395 0.007376935805144426 0.0057546258385648185 0.005287248119479334
0.08713067011013242 3.758646815937006 2.372548391356623 0.003371993186571132
0.07435467531458335 0.06789341523898729 0.05411266691809962 0.0539411813233543 0.05108509147799923 0.05038393086375864 0.048907295376609795 0.04819524293526032 0.046841341054456614 0.04509471182701576 0.0417906286756297 0.04034746367584834 0.04006927648378722 0.03898223508892709 0.03799030383978559 0.03710810249682883 0.03644349260125306 0.03488405607436716 0.033636651178060306 0.03268528032823139 0.02857025042636035 0.02729376892117627
0.027988754167166372 0.0237688807690187 0.015643798689154192 0.015551040575260865 0.014038953887114089 0.013677373751772266 0.012928609052014033 0.012573792458769132 0.011910537979971585 0.011077340533302943 0.00957233722489987 0.00894500436388375 0.008826220961287079 0.008368779036158994 0.007960778359405618 0.007605549085610838 0.007342730299532294 0.006742416621290134 0.006278947850259181 0.005935595443346854 0.004553538695227614 0.004159534865905934
0.02230865098159529 1.0681105090769971 9.587032500801604 0.0030897867868014926
0.06813471132321193 0.06222082940922524 0.04988317704427648 0.04973159256445565 0.047212745359766356 0.04659596972409775 0.04529896927315872 0.044674433900825955 0.04348846455062834 0.04196127472007033 0.03908010085602879 0.03782452999824348 0.03758268774030276 0.036638209169209 0.035777087943752055 0.035011772364606765 0.034435542197613626 0.03308450559761415 0.0320047676491746 0.031181807461069688 0.027626879884580513 0.026525495621258693
0.025615448880607034 0.02208415451765376 0.015360154188521345 0.015283297605265813 0.014027775642270267 0.013726629162266874 0.013101566116315399 0.012804593972381519 0.012247922179663933 0.011545310879949313 0.010264455862064717 0.009725028394613694 0.009622460833439608 0.009226076894686672 0.008870534281355433 0.008559298769838354 0.008327943707611498 0.007795699713480795 0.00738077707192998 0.007070871143405788 0.005797188026335302 0.005424689638855926
0.06112812072789309 3.310993474291257 3.3888622047105126 0.0025890293091173845
0.07218772595489595 0.06580965493320531 0.052275397640551106 0.05210754743427561 0.04931397510362957 0.048628724779877466 0.04718631087201852 0.046491103872311965 0.04516984153273152 0.04346648514279242 0.040247774123480885 0.0388433063512746 0.03857267501002482 0.03751545438263389 0.036551141357468536 0.035693824765495055 0.035048159599312456 0.03353383191576426 0.032323161627687155 0.031400189139778045 0.027411657661935308 0.026175577110536558
0.02699247479064896 0.022865190154047442 0.01497697897242345 0.014887380964804131 0.013428279165351543 0.013079780358002894 0.012358610025190156 0.012017107683885076 0.011379152070386462 0.010578493741181697 0.009134400891067497 0.008533266085097689 0.008419496558260905 0.007981521620792673 0.007591095326159214 0.007251329066827265 0.007000047244048215 0.006426392026977226 0.005983794616727634 0.005656066041723505 0.004338270044475492 0.00396298189276114
0.08983693727540432 3.9990134655698255 2.311133074365112 0.002998062865523287
0.07288466307911129 0.0663994527752357 0.05264257304033021 0.05247203061703981 0.04963398136759961 0.04893792134261725 0.047472891389983396 0.04676685308770546 0.04542513435133429 0.04369566497690412 0.04042845574806614 0.03900319109026157 0.03872857872233679 0.0376558893442062 0.036677583858987416 0.035807922390055716 0.03515301971372935 0.03361723013558441 0.03238960893129129 0.03145383844387405 0.027411248297684224 0.02615882334337345
0.026852383235109977 0.022697826912110433 0.014774151839544038 0.014684347800141256 0.013222761717805611 0.01287393076158969 0.012152425786489392 0.011810940416967619 0.01117333986603479 0.010373768444000692 0.00893367646443845 0.00833508399286544 0.008221859572655706 0.007786183859719966 0.007398088657884625 0.007060580064298072 0.0068111122648535985 0.006242088284876451 0.005803564667113789 0.005479157004433264 0.004177723055332152 0.0038081188055022696
0.1462177206414106 4.3941232198752616 1.3635771887389194 0.0044306322797312775
0.07596670748878906 0.0695202317897037 0.05569512962773202 0.055522436561559134 0.05264386662599886 0.05193650449211432 0.05044593033328475 0.04972673152271666 0.04835848062483286 0.04659187180337378 0.04324550008677015 0.041782036089126416 0.041499809328429914 0.04039659249434215 0.039389361299509706 0.03849312282606836 0.0378176725950146 0.036231913001116445 0.034962566249811707 0.03399393862557095 0.02979920184008425 0.028496376350951532
0.029165523697430598 0.024880514807936783 0.016551722001331284 0.01645595541742104 0.014892364253399506 0.014517760132678631 0.013741120331580314 0.013372658038210012 0.012683119977333221 0.011815423279325095 0.010243672926105873 0.009586724777939938 0.009462208803783916 0.00898230738391607 0.008553748263969615 0.008180201761418683 0.0079035730338714 0.007270861886324667 0.00678153229114551 0.0064185202567930465 0.0049526056992817 0.00453315965722936
0.047215721768188224 2.299948373132799 4.580193572466874 0.005253017537044401
0.0774583043188315 0.0710040397261266 0.05717543951382694 0.05700272313916386 0.05412355766633055 0.05341597176891109 0.05192479581576705 0.05120523518454866 0.04983614966170387 0.04806814337254769 0.044717957267658544 0.04325227515943602 0.04296957863669005 0.041864389605792265 0.04085516263664185 0.039956985845582056 0.039279970811692246 0.03769017548373067 0.03641722162663022 0.03544561023894331 0.03123557522714474 0.029927201407953706
0.029596070550718476 0.025399445304426234 0.01721519830227716 0.017120665470881657 0.01557504461415062 0.015204077104956306 0.014434044228855438 0.014068244394001233 0.013382800371851016 0.012518454626652614 0.010946839774954755 0.010287316157505017 0.010162115751416137 0.009678952218396217 0.009246595178691799 0.008869008873136323 0.008588923867820328 0.007946708123707432 0.007448369551208146 0.007077650360604814 0.0055702139039102636 0.005135260974460644
0.03221689210198686 1.78985509291667 6.618318933996012 0.003564117534344557
0.07234282459027586 0.06613031241438948 0.05299151937577165 0.052828768240328804 0.05012021622785929 0.049455831529832225 0.048057293463291566 0.047383195607698936 0.04610194919706379 0.04444991187928956 0.04132699800927058 0.03996371125047192 0.03970096497712248 0.0386743805261259 0.037737767266459936 0.03690486944120802 0.03627745966591946 0.03480547006550428 0.03362814306944735 0.03273027555104798 0.02884693408670839 0.02764232889197168
0.02738988820439866 0.023476972833501128 0.01595650279687718 0.015870345872246457 0.014463444348606871 0.014126228859854392 0.013426751353395243 0.013094681863936445 0.01247276624409945 0.011689032426892787 0.010264904354187745 0.009667393662513407 0.009553960219322106 0.009116167065254548 0.008724327234978778 0.008382032311634561 0.008128053351778448 0.007545396400493388 0.007092906141715507 0.0067560328054996075 0.0053830298999759055 0.004985591002662339
0.016008465980716258 2.592259631777061e-16 13.462342831345241 0.003991114105148422
0.06593510158838903 0.06046446869628694 0.04918308187421165 0.049045352208628816 0.04675917182441929 0.046200028671451614 0.045024997610233874 0.04445954845929263 0.043386374106989915 0.04200548747078351 0.03940312244909443 0.038270019606513994 0.03805182491420734 0.03719986379656673 0.03642330724474575 0.03573330152877954 0.035213861395867 0.033996234538670476 0.03302334210122291 0.032281930861058794 0.02908007579341758 0.028088257257559996
0.025567082258601506 0.02249953370081102 0.016666349101796606 0.01659933022694314 0.015502007387103348 0.015237998884532821 0.014688835742290752 0.014427309600702806 0.013935891349004428 0.013313161205039468 0.012169399977814695 0.011683786105465045 0.011591151163084458 0.011232186229967916 0.010908819830961035 0.010624590466059375 0.010412562261162097 0.009922162966860024 0.009537100127352139 0.009247762455029916 0.008040323867414021 0.00768064543969138
0.028693328424072462 1.5301816222662046 7.489062174612708 0.004085148938087759
0.07164629692458101 0.06548986746238425 0.05251502573067656 0.052354632863475845 0.04968632500333319 0.04903208771089575 0.04765524535091572 0.046991761751333454 0.04573095901807479 0.044105778064922656 0.041035034110131034 0.03969504629201602 0.039436824407637294 0.038428018172754104 0.037507760020096835 0.036689509428489406 0.036073194759461066 0.034627433063815716 0.03347127151665066 0.032589650688606586 0.0287775191771929 0.027595282025133425
0.027020743071548784 0.023210398979439925 0.01590147026141343 0.015817741411386445 0.014450131184327718 0.014122205409119248 0.013441790205383653 0.013118658153342146 0.012513254484618451 0.011749839671057897 0.010360876124348328 0.009777285873045456 0.009666430390652842 0.009238376562621577 0.008854950851430843 0.00851975176827917 0.008270873435815168 0.007699342060112954 0.007254884456396885 0.006923610140532876 0.005569443491296567 0.005176039995885173
0.06306178337388635 3.386137452019615 3.315339392282158 0.0036277386433440488
0.07239969003128836 0.06597473549517976 0.05235302643744786 0.05218419808325108 0.04937473798839707 0.04868570380049027 0.04723547163010845 0.04653656754656262 0.045208406565865784 0.04349640402329416 0.040262116816569285 0.03885116431518164 0.03857930512746405 0.03751735500815147 0.03654882103308198 0.03568782598271103 0.03503943637686298 0.03351887264576715 0.03230337068893167 0.03137680567040889 0.027373634949606047 0.026133301653605112
0.026824790693872804 0.022701544647798784 0.014834383230134864 0.014745145077771506 0.013292353067949972 0.012945491532263596 0.012227877415994943 0.011888140659410504 0.011253629318818879 0.01045757456056011 0.009022636103711023 0.008425661275162546 0.008312703680213281 0.007877930307774242 0.007490462842724971 0.007153355250154079 0.006904091679352632 0.006335217234876648 0.005896481947745598 0.0055717165281137385 0.004266823838112384 0.003895536461850708
0.036804220372581575 2.116475375603858 5.679303273076433 0.004583104731621366
0.07232706596401371 0.06610916948073589 0.05291722780916029 0.05275352208769873 0.05002820290767532 0.049359463448290765 0.04795146762785923 0.047272675904999756 0.04598227787932944 0.04431802099622379 0.04117084634833122 0.03979654443041084 0.039531648296330144 0.03849658524627609 0.03755213215696223 0.03671218411991155 0.03607941733634479 0.03459471410520973 0.0334070830194625 0.03250128324200094 0.028583000024021255 0.027367376878193336
0.02763679068055528 0.023630076325806677 0.015918299096004108 0.015829985908594815 0.014388415006691857 0.014043073169319641 0.013327022539706468 0.012987235434055245 0.012351163306471664 0.011550220831036082 0.010097039241845778 0.009488371571899953 0.009372899415398645 0.008927494208692963 0.008529209000606284 0.008181590846076569 0.007923859811060061 0.007333284271511392 0.0068753676038552265 0.006534905760145393 0.005151953820075085 0.004753285011910373
0.027806304283002792 1.4785634876473528 7.702622827855021 0.0041688255480807545
0.07114812985760087 0.06502757914541499 0.05214186615912483 0.051982676007802216 0.049334695760226976 0.04868553172263358 0.047319475971076656 0.04666124220642256 0.04541050573198989 0.043798468458308384 0.04075304577734549 0.03942429438028544 0.03916825019371664 0.03816798890060299 0.03725557608171136 0.036444340315896974 0.035833332926035286 0.034400098130580495 0.03325402891297608 0.032380146618537754 0.028601872022499267 0.027430255862748408
0.026866327255930387 0.023085339083773256 0.01583859780602202 0.015755603952634055 0.01439999326120278 0.01407493736371121 0.013400457511798004 0.013080132051829277 0.012479958982140419 0.011723074332006025 0.010345729883429104 0.009766888322922036 0.009656924111334463 0.009232276209401025 0.008851849329946572 0.00851922755062079 0.008272233820138261 0.0077049274105941215 0.007263645467645597 0.006934668298784992 0.005589148584174844 0.0051979890975219125
0.016719809143590836 2.1896343787609907e-15 12.940563116954396 0.005207007933545516
0.06750058368076574 0.06196922053301275 0.050523796283600375 0.05038375807432851 0.04805823234381542 0.04748917523049021 0.0462929433408276 0.04571711646090756 0.0446239363165206 0.043216718658025406 0.04056297168415289 0.039406796037604025 0.03918411056835074 0.038314468822728244 0.037521596152632196 0.03681693469604905 0.036286364660391555 0.035042326575087185 0.03404801331724643 0.033290092132197406 0.030015160293027646 0.02900014381682862
0.026334799559957274 0.02320099251621227 0.01722059219309805 0.01715173094035667 0.016023783563345384 0.01575227969190797 0.015187370098348883 0.014918272062081713 0.014412500050005638 0.01377134770884811 0.012593086271458769 0.012092569467041528 0.011997074659669128 0.011626976541340516 0.011293511948215732 0.011000352892063213 0.01078163083715879 0.010275643591745064 0.009878238200549087 0.00957956710402892 0.008332634249537193 0.00796102142472254
0.055804873013571066 2.814316285735367 3.859349971850477 0.0035358264034658156
0.07612984712356834 0.06961875407982275 0.05571579797292774 0.055542604507587356 0.0526572456983365 0.05194865279446516 0.05045603133659951 0.0497361044112923 0.04836692341440453 0.04659997193048672 0.04325547718958995 0.04179382127320981 0.041512009503744306 0.04041061576039427 0.039405322881539646 0.03851102332963476 0.03783716471335042 0.036255569974264816 0.03498997637898572 0.034024454974092413 0.029845449200920617 0.028548217710972993
0.028562752909898435 0.024363509601852795 0.016240667773087365 0.016147510372629334 0.014627064457035243 0.014262931513301259 0.013508133795150151 0.013150087185211453 0.012480110992516268 0.011637113053102267 0.010110085743290254 0.009471712634185064 0.00935070295126444 0.008884260477581826 0.008467632530206886 0.008104403215083105 0.007835357206667311 0.007219770575679581 0.006743435835835824 0.006389896692357089 0.004960323485911065 0.004550544031281804
0.09929436243381906 4.031803364098513 2.062507710889359 0.0038605247439871316
0.07374860814417014 0.0672954182699991 0.05355132257946183 0.05338046479007482 0.050535462851592994 0.049837207012843346 0.04836692523018871 0.04765805127269121 0.04631039895843405 0.04457223106130449 0.04128538219176315 0.039850247324475625 0.03957364301012999 0.03849289488399915 0.037506855894717896 0.036630014372566064 0.035969516190898616 0.034419974888399964 0.03318073292619557 0.032235734120570556 0.02814969013849572 0.02688265677619173
0.027665277806712178 0.02346121859253473 0.015387815442314755 0.015295837931774553 0.013797180497681378 0.013439015280187781 0.012697584486045826 0.012346370276373168 0.011690076731467679 0.010866059736930533 0.009378956046107093 0.008759622530377585 0.008642391594144318 0.008191044675658643 0.007788640761557204 0.007438412355162813 0.00717937278463817 0.006587955177400181 0.006131618246095502 0.005793705979273879 0.004435038677949656 0.004048192813958371
0.10629085014058881 4.355024519443936 1.9417725943234867 0.005814158337865947
0.07229783493755354 0.0657989717451399 0.05204437793271744 0.05187413581232081 0.0490420724344586 0.04834776561709316 0.04688679304542942 0.04618288797555059 0.04484554186571386 0.043122324452767945 0.03986881261315333 0.03845029216691866 0.038177032616406176 0.037109792220574735 0.036136683948594525 0.03527182390855144 0.034620649074741584 0.03309397656033403 0.03187401767483867 0.030944308939278575 0.026930051940071215 0.025687091749742978
0.02638064994210498 0.02225253904305689 0.014411489594944012 0.014322904235701072 0.012882173261008057 0.012538613327475917 0.01182838614163192 0.011492419690926094 0.010865445750167681 0.010079815114710773 0.008666669558189113 0.008080021780402253 0.007969108636799959 0.007542485550126041 0.007162672933751931 0.006832540855265503 0.00658863245394533 0.006032643663875785 0.0056045180570975526 0.005288010670573022 0.004020230215737079 0.0036608210340932836
0.021970150534406874 0.732523640011432 9.777356863465611 0.005483368449868768
0.07051927931930221 0.06463423610917263 0.05229810667809519 0.052146010903517025 0.049616678711897386 0.048996757571063906 0.047692390132894405 0.04706394089044427 0.04586987780098161 0.044330978220087906 0.04142371828047773 0.040155130041204655 0.039910664799012355 0.03895558410154146 0.038084298591433786 0.03730955085357586 0.03672597141456665 0.03535687144244768 0.034261861503633216 0.03342676532218303 0.029814560174729714 0.02869386528628729
0.027217361805131013 0.023669052391815038 0.016846738411933123 0.016768117390152625 0.015481220660905976 0.015171796339955449 0.014528555171432863 0.01422245545075186 0.013647777537484373 0.012920674742859599 0.011589595684268579 0.011026635397365876 0.010919420446846129 0.01050453302306909 0.010131630363716063 0.009804575982632728 0.00956106919823993 0.008999527702115344 0.008560386159230021 0.008231547356718915 0.0068715139965883085 0.006470815854498072
0.052264801461920585 2.970590924817162 4.074058377551467 0.0030966319582754202
0.07302795743555601 0.06658365266797112 0.052923839908867586 0.0527545326738792 0.04993698583574814 0.04924592855531242 0.04779137708525623 0.047090359041720826 0.04575811687226379 0.044040718158511766 0.04079576143399109 0.03937993692278094 0.03910712268488144 0.03804138954192928 0.03706933063146545 0.03620514030930041 0.03555430515995453 0.03402787043867941 0.03280753491574106 0.03187719960837543 0.02785686640132614 0.026610924471427783
0.026970032627581783 0.02287227746264128 0.015042355276943767 0.014953378038040168 0.013504054801901973 0.013157784242324626 0.012441066398073023 0.012101589964861206 0.011467259027486246 0.01067081701048237 0.009233192501788464 0.008634231393751938 0.008520833830905523 0.008084164428474965 0.007694721684444961 0.007355661715947867 0.007104806415329524 0.0065317933349117235 0.006089345764455152 0.005761513704293742 0.004441114685463465 0.004064319346838411
0.018640615430835616 0.45514077749171467 11.507266524157357 0.004488690866288691
0.06744778157970031 0.061756530361834774 0.04993616572395093 0.049791253769901456 0.047384030382143214 0.04679477868317763 0.045555862183224265 0.04495938330979176 0.04382682498130678 0.042368620169595556 0.03961798074246741 0.03841935618649544 0.03818848194251114 0.03728682689388447 0.0364647261046502 0.03573406193682274 0.0351839001926802 0.033893893417332455 0.03286282060935192 0.03207687624682549 0.028680942683555324 0.02762848261382145
0.025879519831878327 0.02256790742928393 0.016248595688268884 0.01617600282454877 0.014988069686634258 0.014702489932614134 0.014108821035800297 0.013826296247785752 0.013295814877075894 0.012624433198531154 0.011394372570779104 0.010873571193273113 0.010774336922398913 0.010390167573916548 0.010044629051661506 0.009741360387913402 0.009515420798255179 0.008993874708863316 0.0085854486751763 0.008279246576247104 0.007008827600862953 0.006633050448425919
0.018535145308251955 0.43991976601847743 11.704922157302953 0.004289980866248072
0.06751072197153779 0.061795343232532496 0.0499398896168775 0.04979466442815873 0.04738262481303305 0.04679230365457367 0.045551275920429984 0.044953846099662895 0.04381959743010748 0.04235943459631772 0.03960574989156126 0.03840605454301153 0.038174991429634396 0.03727265171093777 0.03644999913786515 0.035718901580004535 0.035168448387491176 0.033877873480061334 0.032846460209032174 0.032060322458836284 0.0286641823664864 0.027611855989492843
0.02568624177560626 0.02239893154931604 0.01613336278815542 0.01606143234319514 0.014884448394423806 0.014601529002443171 0.014013421074709665 0.013733555976901686 0.013208088888895833 0.012543085603381571 0.011324774950480105 0.010808960747841911 0.010710676864103347 0.010330185907432017 0.009987953225836598 0.009687582423080083 0.009463798800302549 0.008947216337168815 0.008542660756117353 0.008239348285566817 0.006980764956465894 0.006608426491041497
0.11109050618560301 4.461654251314745 1.8320460286540101 0.003699776819124143
0.07157915841543447 0.06513069861514363 0.05148978117251988 0.05132100655433373 0.04851357452294647 0.04782536931948203 0.04637731691159246 0.04567967605750221 0.044354301477763196 0.042646645174636455 0.03942292735566977 0.03801756542106674 0.03774685236345175 0.0366895935120447 0.0357256361325488 0.034868948636386225 0.03422395157260812 0.03271184452963009 0.03150360647890661 0.03058287809898527 0.026607862651177344 0.025377202303748986
0.026243580524657598 0.02212716166740972 0.014315355893376236 0.014227161753586879 0.012793010714617428 0.01245108214562646 0.011744306735712825 0.011410011300833304 0.010786223427354535 0.010004713773046132 0.008599363180691516 0.008016105272894402 0.007905843719807425 0.007481759620332385 0.00710425219597837 0.006776159238728851 0.0065337792081302205 0.005981346355033447 0.005556030246058116 0.0052416418678037655 0.003982741819753302 0.0036259771513811796
0.027148871148111042 1.5402106044143251 7.843824204937814 0.0029912170204693805
0.06984802184193145 0.06376210330065712 0.05098496051980864 0.050827410983743014 0.04820777925556284 0.047565868644190434 0.04621546496713785 0.04556496053615838 0.04432924513280734 0.042737210662435805 0.039731531404629525 0.03842091165762358 0.038168415992164244 0.03718218538568472 0.03628280293201865 0.03548333689017257 0.034881307887110656 0.033469512905536944 0.032340965704021514 0.03148066636834385 0.027763268918074232 0.02661121610413454
0.02621260748793791 0.022472789829890243 0.015335962625580584 0.015254488135162824 0.013924613869456754 0.013605992931263 0.012945201968450915 0.012631539991276971 0.012044140574778685 0.011303917360659534 0.0099585569652749 0.00939383507334261 0.009286600729518982 0.00887264109306043 0.008501991649280114 0.008178080155444307 0.007937654590922235 0.007385769115724675 0.006956818583976981 0.006637235095085717 0.005332078769900209 0.004953297968443872
0.018504671631222158 0.3490509771910888 11.610418192457864 0.0031151143433665865
0.06808424662828846 0.062409313994563946 0.050612406951059515 0.05046768353986281 0.048063206906910655 0.047474514745539736 0.046236626399249886 0.04564056990328702 0.044508681624740566 0.04305108100399543 0.04030077034696378 0.039101950732901535 0.03887101502147727 0.03796904555143562 0.03714655446254531 0.03641546010315885 0.035864922569580925 0.03457385960464105 0.0335417661076028 0.032754938598879506 0.029354154350363128 0.02829985576860618
0.026330418549007726 0.02302648009685999 0.016708631712869817 0.016635918043575792 0.01544543072454414 0.015159064716697736 0.014563529672753931 0.01428000165330636 0.013747424045715148 0.013072966028996493 0.011835904369311997 0.011311545447373119 0.011211589721188717 0.010824489282317216 0.010476119083912069 0.01017020461686365 0.009942191844955057 0.009415508521070056 0.009002694676556936 0.008692977789617317 0.007405652306184515 0.007024061574487435
0.016996277579229502 0.5752116407528 12.711088379002161 0.002829543862184262
0.06358617786871293 0.057974487550308755 0.04643754359581002 0.04629705240750228 0.04396648706491739 0.043396917555433526 0.042200545234104776 0.04162510669762118 0.04053348597458803 0.0391298745337144 0.03648788389769051 0.03533887498674499 0.03511771314838059 0.03425446559495414 0.033468039290868674 0.03276960073130701 0.03224402260779727 0.03101271926531077 0.030029618921220733 0.029280858466885232 0.02605151447798661 0.025052562577411126
0.023507153834176845 0.02037034389904543 0.014458277367734368 0.014390931108701512 0.013290740460066407 0.013026789089341328 0.012478755529574843 0.012218271165946632 0.011729743742787384 0.011112542680849035 0.009984986700693593 0.009508894412243169 0.009418270246552793 0.009067714067924866 0.008752796200413068 0.00847671171354356 0.008271216632750482 0.0077975060853037745 0.007427186647460745 0.007149939770011098 0.006003440544189341 0.005665579990992732
0.019230853257981906 0.6515701680766316 11.151555213765514 0.004203174724759749
0.06689007787182583 0.061146585114150276 0.04922433240576152 0.04907825597252199 0.0466520750119713 0.0460582991779417 0.04481002900470861 0.044209125838873965 0.043068313631573124 0.041599775334641174 0.03883059495618392 0.03762429945782981 0.037391977103235184 0.03648475915531131 0.035657716279637035 0.03492276520703967 0.03436944179778252 0.03307224701901268 0.032035658344506605 0.031245647286476996 0.027833516481768787 0.026776486630924818
0.025338357048473772 0.02199273239971972 0.015626718192394827 0.015553803124067815 0.014361553057945129 0.014075223540105167 0.013480388135099528 0.013197504283024786 0.01266671307519419 0.011995669672594394 0.010768604648369174 0.010250111794367885 0.010151394146327954 0.009769468402957159 0.009426292875783497 0.009125382077339022 0.008901379759141388 0.008384928658944479 0.007981139449062131 0.00767881310397396 0.00642859533497705 0.006060233279634537
0.1235449215150286 3.9472968760198746 1.6752305132201504 0.005470206579619693
0.07869724381396229 0.07215028589204632 0.058048310619326964 0.05787162473194614 0.054924554781615884 0.05419979870642804 0.05267184804819065 0.05193426472152218 0.05053040954886653 0.04871661581134533 0.04527713740982918 0.04377143543461371 0.04348095767512359 0.042345162551391924 0.04130773742905437 0.04038427363357065 0.03968808337068879 0.03805289041765487 0.03674323274250601 0.03574340695899311 0.031409315270178366 0.030061849299168785
0.030198566331996524 0.02585453170361048 0.01734763644018552 0.01724926515753648 0.01564112447677199 0.01525526479123365 0.014454543234397743 0.014074295192979907 0.013362059192806626 0.012464571191437547 0.01083516514955846 0.01015261995184674 0.010023147696883864 0.009523822805858534 0.009077476013282224 0.008688073590986499 0.00839948558319642 0.007738700094377975 0.007226940238328876 0.0068468633164011005 0.005308011324275271 0.0048663822649057985
0.026621889243322983 1.2821535726221291 8.02345845080553 0.0035451362637700158
0.07154774467831358 0.06547990644216449 0.05269137624623214 0.05253324047596025 0.04990219010860303 0.04925699601139983 0.04789905336893788 0.047244609910752626 0.0460008572878523 0.04439738942526828 0.041366780893429225 0.04004391203545002 0.039788959988697324 0.03879283581285629 0.03788401575829247 0.03707582821602738 0.03646702537647876 0.03503865238302283 0.033896157613435986 0.03302481355409487 0.029255658377586626 0.028086266409296644
0.027348761545825336 0.023587598118958546 0.016352887649717113 0.016269748424778636 0.014910555598990911 0.01458428025135388 0.01390678545439351 0.013584787504193624 0.012981037658843732 0.012218762885425224 0.01082879956950986 0.010243443110682579 0.010132152717198905 0.009702104574921818 0.009316447224863578 0.008978931454675886 0.008728100749218886 0.008151287845186959 0.007701897626607304 0.007366438831253006 0.005989998443479945 0.005588329041738457
0.023385821256291517 0.9422300940079058 9.268173129737589 0.0031089072361481737
0.07083550641691204 0.06484659814979399 0.0522866696716086 0.05213180311507924 0.04955647145865702 0.04892530618493374 0.047597331513042546 0.04695753657754452 0.045741974853122806 0.0441754960360025 0.041216602724051345 0.039925705592986936 0.03967695821706071 0.03870520282076726 0.03781878429998475 0.03703064581205426 0.036437021728222975 0.035044502650691825 0.033930913944966584 0.03308174213552618 0.02940961078096776 0.02827064481065216
0.02694334393717412 0.02333623822577266 0.01641333615794722 0.016333743035756815 0.0150318599144353 0.01471911571768438 0.014069366618055 0.01376036869851693 0.013180623017924267 0.01244786460961005 0.011108928257453058 0.010543751130192845 0.010436196274544488 0.010020255620301417 0.009646778514547063 0.00931952759029707 0.009076070412932596 0.008515320745514147 0.008077503314318253 0.007750092252752462 0.0064004683250045435 0.006004413689856886
0.026153893054298938 1.5439331412180177 8.19979528294528 0.004150293765740313
0.06891744394303687 0.06283686289418151 0.05011652165577811 0.049960041075051344 0.0473594442000832 0.04672255699659179 0.04538317607456922 0.04473819960818812 0.04351337175608323 0.04193610173895181 0.03896051266126489 0.037663899784094554 0.03741416324116228 0.036438895191664614 0.03554976506602831 0.034759614109096316 0.034164723628943856 0.03277008038068483 0.03165565161733354 0.030806353551427648 0.0271387828070717 0.026002896795883752
0.025520503828459978 0.02184343483358945 0.014858758921309235 0.014779265030738634 0.01348248974936759 0.013172014094691924 0.01252838019694709 0.012222987027926442 0.011651288470485688 0.010931251151231858 0.009623720396161084 0.009075316963134981 0.008971210716443441 0.008569414778515314 0.00820977558966055 0.007895578492399491 0.007662419496548358 0.007127395505079486 0.006711726353865601 0.006402138958494996 0.005138721828906973 0.004772338705402126
0.05361417755542386 2.9299770250222688 3.9849324092556793 0.0035220682397945277
0.07400363018608083 0.06753621908128594 0.05379514637932341 0.053624556855441416 0.050784687493897314 0.05008787260568024 0.048620840058323345 0.04791363179179539 0.04656931288826714 0.04483574423426368 0.041558400954891966 0.04012770206354437 0.03985197027608578 0.038774681663594456 0.03779186449194422 0.03691793605206222 0.036259659810679475 0.03471541535020035 0.033480484835664605 0.032538812921722594 0.028467458036049928 0.027205055503177585
0.027470487739656116 0.023338379975653353 0.015412124763825122 0.015321792780600883 0.01384948850048331 0.013497466049847534 0.012768511442001664 0.012423079851829583 0.01177734006176211 0.010966039668794702 0.009500013466318702 0.008888585467761667 0.008772783755187448 0.008326722625867315 0.007928720520572892 0.007582063582797608 0.007325498505545107 0.0067391490839868225 0.006286113222842361 0.005950264901377283 0.00459598046039345 0.004208999723704479
0.02298478695388273 0.9968479968269157 9.258554854284263 0.004397968937228098
0.06954595194129483 0.06362628713337655 0.05122311739273332 0.05107028557312895 0.048529165863011786 0.047906494053614454 0.04659653054521991 0.045965481508948546 0.04476665945383303 0.04322199169779108 0.04030503435555072 0.039032735817218514 0.03878759341451455 0.03782998661272929 0.03695656491881867 0.0361800547658337 0.03559523404894175 0.034223516643707694 0.03312671406252797 0.032290432065303645 0.028674914396700224 0.027553788724269102
0.026594770847337877 0.0229995845211819 0.016112210226206902 0.016033145737284215 0.014740379537772953 0.014429963581904 0.013785233616284484 0.013478712050223765 0.012903775263374714 0.012177414132225221 0.01085116971324071 0.01029177507791614 0.010185351322402534 0.009773881029345803 0.009404552626745133 0.009081046408326767 0.008840444031612577 0.008286504491952954 0.007854244580108674 0.007531135952229601 0.006200718967805712 0.005810804459813742
0.08340311022544811 3.508738571072552 2.499903841807708 0.004665454849412514
0.07620311542106026 0.06971911340335542 0.055826156005135186 0.0556527182624213 0.05276208964407075 0.05205186517998063 0.05055538731846541 0.049833401326964864 0.048459956605590694 0.04668684926373319 0.043328791166687544 0.041860465271211025 0.04157731790193704 0.040470554429937855 0.03946015660388122 0.038561156871217694 0.037883660238028596 0.03629321116849058 0.035020224383290076 0.03404888553836389 0.029843044126529227 0.02853697074856191
0.029016563561671826 0.02474165617627613 0.016443665672227808 0.016348341900213243 0.014792272987872808 0.014419553293701995 0.013646922320449655 0.013280410249833268 0.012594605737005929 0.011731763410018858 0.01016925293947212 0.009516338707252986 0.009392598802809507 0.008915722835276262 0.008489911755115173 0.008118796265737117 0.007843989329467465 0.007215514090230376 0.006729526672063648 0.006369031525407541 0.004913608078622008 0.004497261382650799
0.024254260485901402 0.8957198914531768 8.94147045098159 0.003760480430254167
0.07239090606168827 0.06637610986622758 0.0537114801964177 0.05355490711779113 0.05094975018260521 0.050310861510095506 0.048966109728164876 0.048317978266836994 0.04708612673911334 0.04549779107423757 0.04249499683774935 0.04118389308699181 0.040931179531077395 0.039943707332761584 0.039042645567755434 0.038241244198662656 0.037637480817539634 0.036220678337488765 0.035087174452344036 0.034222525098498 0.030480656087363975 0.0293191674025007
0.02785572019845943 0.024187510056573193 0.01710902989012626 0.017027341228596102 0.01569014198786069 0.015368618151236186 0.014700255245696861 0.014382226234109242 0.01378522012597691 0.013030044946031412 0.011648356403229924 0.01106441164809357 0.010953235153816656 0.010523134985819114 0.010136732086452388 0.009797986664382752 0.00954587393546843 0.008964840570038195 0.008510838368733717 0.008171117106904538 0.006768747081610874 0.006356552353741574
0.12152649179709585 3.933481669356931 1.698375506873283 0.0037918411984221405
0.0784302108640289 0.07189982763768361 0.05783614265808632 0.05765995909779121 0.05472135019387481 0.05399869867523768 0.05247521558155244 0.05173980373652199 0.050340108255429485 0.04853174047147908 0.04510270975185296 0.04360164613263511 0.04331206768719846 0.042179802818945816 0.04114562137200738 0.04022506021300672 0.039531067664728615 0.03790106826687547 0.03659560181446115 0.035598994363137154 0.03127903494541521 0.029936020675524807
0.030146394955247933 0.025805702989388012 0.017308095472835194 0.01720985591965212 0.015603957945608227 0.015218662142253737 0.014419143869915316 0.014039483289169619 0.013328376300150699 0.01243236596136703 0.010805808804230994 0.010124524774796917 0.009995296504387277 0.009496927191009195 0.009051454759020649 0.008662831223168861 0.008374830405212915 0.007715422542276015 0.007204762716267036 0.006825522418554745 0.005290245143483771 0.004849703415500413
0.01732383002082305 1.9950167006680536e-16 12.48391504289767 0.004611128689350203
0.06875735777859486 0.06318862342483544 0.05162940560971031 0.05148768648456389 0.049133275816792076 0.048556874832775744 0.047344857414714565 0.046761265468054605 0.045653049711941604 0.04422591777683673 0.04153294315188445 0.0403590103623252 0.04013285927612798 0.03924954440637983 0.03844401475527353 0.0377279537758513 0.03718870810385174 0.03592402154264906 0.0349129013408939 0.03414199168942374 0.030809240971698862 0.029775768303632405
0.02703414775625704 0.02384146831692567 0.01772828062253455 0.017657744871471526 0.016501927961950325 0.016223593355668472 0.015644322146985322 0.015368312856364677 0.014849430544138209 0.014191435873164602 0.012981589317328618 0.012467413106964833 0.012369296079756929 0.011988987036550621 0.011646256997796426 0.011344901817194252 0.011120034157463005 0.010599730523069869 0.01019098467251414 0.009883735379442208 0.008600482940622047 0.008217889317775806
0.027986867128986237 1.3144303595553848 7.829363052169901 0.003940197620152618
0.07321355453047712 0.06701919217417394 0.053948325262251295 0.05378657716166625 0.05109502850327324 0.050434887049477926 0.04904534510160197 0.0483756063944244 0.04710266924361879 0.045461356783497026 0.042358574389876065 0.04100394829486303 0.040742858740982844 0.039722702993768594 0.038791887058662766 0.037964083969524144 0.03734047119690574 0.03587724041746212 0.034706755769991694 0.03381400186296653 0.029951641372677543 0.028753147264283654
0.027621120645752034 0.023823674511168885 0.016510080669989893 0.01642597888375631 0.015050916959904037 0.01472079849548096 0.014035288213641616 0.01370946572189825 0.013098522878214587 0.012327134179098575 0.01092050435831604 0.010328130176831986 0.010215506730281572 0.009780312969743427 0.009390051045250054 0.00904851560632597 0.008794705061843894 0.008211069352041725 0.007756398628874147 0.007417022391018121 0.006024798556640779 0.00561863723434403
0.11465686381318141 4.215416965616333 1.7756249393434047 0.006114985479358957
0.07425759740282206 0.06779179734418206 0.05400446951943411 0.05383293401775407 0.05097614371825399 0.05027484976282159 0.04879798477296569 0.048085846934222166 0.046731828890732525 0.0449851409580659 0.041681235516835974 0.040238269522721845 0.039960129305667384 0.03887329835095208 0.0378815966640257 0.036999629734002094 0.036335215302450485 0.03477630122791542 0.03352937872992041 0.03257841427726437 0.028465522247291004 0.02718982729548121
0.02792484221828455 0.023704209889876867 0.015582498275698216 0.01548982834924759 0.013979381961513453 0.013618253907862038 0.012870504591614245 0.01251620812985059 0.011853996856367977 0.011022248779902646 0.009520296512829417 0.008894417970295356 0.008775923065591388 0.008319633075337434 0.007912716863537778 0.007558477866463012 0.00729642060448622 0.006697943676621552 0.006235991671683037 0.0058938225042581985 0.004517110765248971 0.004124826867476156
0.04544229223733731 2.732976405731971 4.672430997714867 0.003818103529975027
0.07213056685381794 0.0657504883027127 0.052253641552320214 0.05208655467267298 0.04930659100782529 0.04862492836303563 0.04719036838340101 0.046499087745983325 0.045185528736864676 0.04349254590853009 0.04029467721831826 0.038899763430628224 0.03863100260671178 0.03758117632072693 0.03662372401411929 0.03577259519932368 0.03513164258196858 0.03362853431947754 0.03242699119168864 0.03151106436231578 0.027553750021124087 0.02632756823558912
0.026680798013422373 0.02263856854340433 0.01492745134848208 0.01483987431185389 0.013413349161857017 0.013072510085472196 0.012366992576301762 0.012032794815832956 0.011408266771524272 0.010623988813537197 0.00920774540118589 0.008617399026098874 0.008505608685524869 0.00807504986543288 0.007690942331123668 0.007356429804038963 0.007108875220282797 0.006543176258034248 0.0061061358867237625 0.005782157940642341 0.004475678012937854 0.0041022782027205894
0.022234991873614218 1.286932012913813 9.617603000855146 0.002742781932311086
0.0663042909879347 0.060386340890857655 0.048096061157700445 0.047945542905311785 0.04544617138728391 0.04483467221577168 0.04354942203248212 0.04293086187480586 0.04175680816044709 0.04024606236386062 0.037399289703796565 0.036160091293081176 0.03592149871611897 0.034990007999010614 0.0341411391598612 0.033387040525243133 0.032819458729297375 0.031489378479253635 0.030427068293841626 0.029617792866651768 0.026125886551991287 0.025045280777309258
0.024389925869299105 0.02090317466926322 0.014318376135521393 0.014243604914518723 0.013024016165858378 0.01273203274661582 0.012126698376518237 0.011839446087497233 0.01130162020097426 0.010624013923091986 0.009392519724982092 0.008875462873745623 0.008777262113698905 0.008398107136731017 0.00805851088756035 0.007761632843941355 0.007541200031389526 0.007034928768571164 0.006641114615886656 0.006347495827102879 0.005145935041729358 0.004796288108379943
0.019261030939728085 0.39797828513053707 11.025946751206662 0.004598981257995482
0.06888548489911696 0.06319769855692402 0.05132923168136074 0.05118328016713189 0.048757237713717226 0.04816293688622189 0.046912842309816585 0.04631071159115345 0.04516694227315662 0.043693385497975266 0.04091101882773125 0.03969745601659105 0.03946362796715664 0.03855020264953153 0.0377170472115064 0.03697630206920643 0.03641839230664568 0.035109694197366 0.03406316123787206 0.033265126809014105 0.029814013272537573 0.0287435175370013
0.026972634741721162 0.023590578981994778 0.017099340692474464 0.01702447916432021 0.015798438096156064 0.015503417879897143 0.014889771601348422 0.014597570727250308 0.014048622515745039 0.013353300793755808 0.012077677170330257 0.01153689560772221 0.011433806233322122 0.01103456450436914 0.01067526469813399 0.010359754747450496 0.010124593763461665 0.009581421438357706 0.00915571729643697 0.00883635662389135 0.0075093287536527435 0.007116133430759507
0.05359471869622434 2.8693036527809315 3.944963461768985 0.005768432824050308
0.07421943978761886 0.06779619500804299 0.054118511285980844 0.053948446607567986 0.05111636984814104 0.05042119498597524 0.04895726554099513 0.048251384046450636 0.0469092845211209 0.04517799410676904 0.04190317306893709 0.04047284952044973 0.040197139791039484 0.03911978244131978 0.038136688447782195 0.037262343438598515 0.03660364817887323 0.03505806896131509 0.03382171993572035 0.0328787594359958 0.028799826904328987 0.027534433535231797
0.027921280661145652 0.023765115922620622 0.015762414703499233 0.01567094960925514 0.014179239280832652 0.013822307680393041 0.013082843814690456 0.012732266562034867 0.012076613573670288 0.011252297484856216 0.009761075711001078 0.009138461894138852 0.009020494419671237 0.008565946249102164 0.008160172678415479 0.007806589019837135 0.0075447999948274475 0.006946189201778196 0.006483358858637012 0.006140059995410894 0.004753939806609888 0.0043572785339920025
0.024069324061090636 1.3187979182875227 8.721548954284602 0.004752916314355442
0.06802435892506994 0.062090544199657496 0.04967777619051261 0.04952504389121049 0.04698649704005474 0.04636472849312489 0.0450570303967039 0.044427253250134156 0.04323117915611389 0.04169070944426832 0.03878377712466046 0.03751673940211847 0.037272674009052945 0.036319472631715484 0.035450346497382636 0.03467787941218326 0.03409624380450749 0.03273247218398975 0.031642504094624296 0.03081172108650884 0.027222830270052352 0.02611089038067352
0.025725029176113252 0.022100173588680105 0.015196836695983712 0.015118038264706824 0.013831543324104936 0.0135232068548734 0.012883567487219588 0.012579849272539608 0.012010876578814217 0.01129345205337591 0.009988009868804257 0.009439323305684281 0.009335077906341804 0.00893247476322509 0.008571731684769884 0.008256257391244843 0.00802195221688706 0.007483617705482604 0.007064674092490069 0.006752216321169591 0.005472709834515813 0.005100145094229056
0.1143995714971281 3.9229096783746664 1.8179777681179936 0.003938737644430074
0.07774834292055555 0.07119624397997726 0.0571225793244566 0.056946590553283306 0.054012393966154384 0.05329116314739753 0.051771107843074565 0.05103756022255806 0.04964178867052214 0.04783921695630758 0.044423406354947764 0.042929038705816956 0.04264081506572443 0.04151404203552451 0.04048514575312174 0.039569503461952364 0.038879351622076785 0.03725881633940103 0.03596137260672799 0.03497115100995075 0.0306814103594729 0.02934860214430078
0.029572019352704766 0.025257792880372186 0.016850188110531676 0.016753324952816874 0.015171148746496086 0.014791896569016657 0.014005371036839307 0.01363209857751896 0.01293334577748124 0.012053647508159848 0.01045894631101888 0.009791917282166227 0.009665456708749917 0.009177956850078401 0.008742469895547706 0.008362772116516317 0.008081518637098327 0.007438000108227241 0.006940084583887126 0.006570568943446685 0.0050771310978253515 0.004649401919971331
0.024156467376358903 1.0387613434709193 9.043817039437792 0.005006936772439222
0.07114044799314331 0.06508997523650661 0.05239970666929223 0.05224324073070569 0.04964139391535123 0.04900375710710505 0.04766220653806375 0.04701589200999759 0.045787984608936814 0.04420568220755812 0.04121719802820391 0.039913526090621806 0.039662327163789424 0.038681026756917966 0.037785947284405826 0.03699014589429852 0.03639077412700395 0.03498485498832727 0.03386063575692202 0.03300340960917568 0.029296976770026933 0.028147547329901386
0.026818043799171777 0.02318591861086639 0.016221905108381618 0.01614193419604342 0.014834324479205432 0.014520342514798066 0.013868211888363728 0.013558176993212415 0.012976664506549059 0.012242033416951736 0.010900855989718522 0.010335252972137875 0.010227655602303945 0.009811672962651577 0.009438331657031552 0.00911134262212755 0.00886817122586865 0.0083083933983952 0.007871660211865724 0.007545260891715596 0.0062018706906454965 0.005808365101353693
0.040898772715497356 1.960376702214454 5.1839454202400645 0.004457162633526807
0.07670789078532476 0.07040599898389215 0.05689461202836206 0.05672573784095564 0.053910068062311835 0.05321791986790965 0.05175904936059007 0.05105496354266183 0.04971510931506476 0.04798442588150155 0.04470357732652289 0.043267633670914525 0.04299063001402595 0.04190756163530096 0.04091834432766806 0.04003782086484216 0.03937401525410499 0.03781490807013621 0.03656618945848354 0.035612873643397235 0.0314800905637169 0.03019506198102128
0.029980781253146467 0.025827907105624645 0.01770142050842096 0.017607227849046395 0.016065700179312414 0.01569527238611611 0.014925757356430432 0.014559902436424604 0.013873796524532451 0.01300749918102988 0.01142872766846848 0.010764629853816465 0.010638445522135602 0.010151119558988148 0.009714522364803836 0.009332810653415046 0.009049397770745446 0.008398634181234791 0.007892716853797721 0.007515779205323993 0.005977193281125624 0.0055312250085291685
0.0338311853852139 2.0601554910183935 6.395135486212347 0.003156236554842812
0.07159195397653081 0.06528908421989686 0.05201234073073834 0.05184835835351925 0.049121097432831586 0.04845264059313385 0.04704620197762129 0.046368622602305995 0.045081347350071375 0.04342267972439378 0.04029076976691716 0.03892501107011034 0.03866189007746485 0.037634156341647476 0.03669693123730305 0.035863838507861415 0.03523649837558709 0.03376539894737126 0.03258951272734343 0.031693175570417995 0.02782066785830221 0.026620778511636262
0.02637102166829679 0.022479072199255982 0.01505959035460933 0.014975159863523515 0.013598640170702362 0.01326934651748487 0.0125871370680589 0.012263673980822117 0.011658615098325562 0.010897559916319728 0.0095190808999224 0.008942577800732059 0.008833264954055692 0.008411787046466297 0.00803512343644099 0.007706548301671929 0.007463038498910389 0.006905374260012491 0.006473281864161462 0.006152190349724699 0.0048493634053178875 0.00447420778818831
0.0342198330892004 2.2244775754799044 6.437454966189035 0.0044499868790862
0.0709007989525159 0.06452560686102314 0.05115574564880279 0.050991121711242926 0.04825502088074483 0.0475849243476892 0.046175713182048786 0.045497125691820885 0.04420852145060896 0.04254927211672147 0.039419720965439074 0.038056397518567445 0.037793843215330795 0.03676862348832656 0.03583410647430353 0.03500375174737362 0.03437867775205192 0.03291357560760885 0.03174316534577838 0.030851404560268206 0.027002570203894877 0.02581126398607467
0.02541059830132802 0.021568405586021275 0.014299930743117828 0.014217707859226086 0.01287895169602655 0.012559202559305958 0.011897422242643762 0.01158396251170132 0.01099818130090985 0.010262459405326997 0.008933146257164256 0.00837854680878379 0.008273481519417428 0.007868671638091431 0.007507305470859867 0.007192395699087128 0.006959212586856229 0.006425862631908145 0.00601327666972052 0.005707078380974918 0.004468513055396578 0.0041131305740076925
0.024303705339519976 0.7641761981862052 8.90882252581724 0.006094702124025055
0.07360871481390943 0.06761577144514187 0.05495945101595752 0.05480265210244992 0.0521925382650488 0.0515520874086219 0.05020359986824627 0.04955345077388066 0.04831737461461612 0.04672283683557002 0.04370599369647601 0.04238780454383737 0.042133659043153956 0.041140386871267136 0.04023374910842346 0.03942716212478273 0.038819351871244794 0.03739258322868559 0.036250635766574016 0.03537926759488298 0.03160561375846381 0.030433390154881074
0.028739463347754596 0.025050636898176517 0.017895811006161062 0.017812907218947852 0.016454545057971736 0.016127561016603835 0.015447361215663655 0.015123461643098024 0.014515003616395999 0.013744499127737243 0.01233212961993811 0.011734106879103366 0.011620170192745983 0.011179141848716326 0.010782570970820343 0.010434627444053188 0.010175490199048445 0.009577659348120616 0.009109909395249834 0.008759521860642314 0.00730930564358136 0.006881740247568236
0.026898985670703812 1.4004063055016 7.891975145924997 0.0050470377014270006
0.070707943369517 0.06464619938142033 0.05188645015931352 0.051728820005804366 0.04910675955783078 0.048463938741949174 0.04711121230101983 0.046459390847360484 0.04522081729178851 0.04362440965574832 0.04060834330518686 0.03929231989487344 0.03903872218268847 0.038047998389535494 0.03714425688764019 0.03634070712620306 0.03573547349018827 0.03431572926272314 0.03318039263956106 0.032314660255644494 0.028571275930446727 0.027410362929487647
0.02690669899970381 0.0231471210009286 0.015936811659654566 0.015854166674896895 0.014503918557634408 0.014180045866113062 0.013507879083642938 0.01318858055948773 0.012590197486808882 0.011835299588839391 0.010460683886779652 0.009882598378720252 0.009772748825462318 0.009348451726458854 0.008968208899718411 0.00863564088984531 0.00838861893944223 0.007821013212976296 0.007379255542234526 0.007049774011119648 0.005700664917074272 0.005307931034851393
0.022791986757256577 1.1178289816910962 9.406909663581649 0.003974107891763257
0.0684135839742009 0.06246932603462442 0.050061210460147346 0.04990871250639317 0.04737455247923979 0.046753991075804545 0.04544898708443027 0.044820578326148844 0.04362722101099365 0.04209045956176145 0.03919107413531517 0.037927513629243105 0.037684129222015215 0.03673361888049856 0.0358669864835414 0.035096764390707594 0.034516835144297715 0.03315711126646749 0.03207041798566678 0.03124215025886415 0.027664250584013377 0.026555739098556533
0.02566191290115778 0.0221085593439743 0.015342004178402558 0.015264679686152909 0.014001651376560587 0.013698748620566152 0.013070104898874932 0.01277146505453565 0.01221173184512499 0.01150539081948591 0.010218194828741062 0.009676305727375552 0.009573285929574694 0.009175205073131569 0.008818212963289962 0.008505768940024808 0.008273554240688541 0.0077394671444271125 0.007323248469903584 0.007012462183170325 0.005736070565671927 0.005363100668176725
0.01937738425945379 0.5470630561988419 11.09527367586648 0.004419319552440426
0.0680075303115779 0.0622588708418773 0.05029992991995771 0.05015318035545012 0.04771501039240496 0.04711806700780942 0.045862837019814896 0.045258437740710734 0.044110726852058274 0.042632802874367354 0.039844373260171415 0.03862905844542546 0.038394954913625504 0.03748064519426856 0.03664694857771174 0.03590593410358541 0.035347952560674384 0.034039525233537114 0.03299364824494627 0.03219637369259888 0.028751074127937364 0.027683192446114602
0.026022066083188335 0.022657419214418505 0.016231681993095506 0.016157867451031968 0.014950085182516802 0.014659783963520207 0.01405638043146922 0.013769266334172863 0.013230255112750111 0.012548266111215525 0.011299448053000047 0.0107710260627748 0.010670364708592762 0.010280751912470451 0.009930434754846763 0.009623070955731403 0.009394144538189085 0.008865929662893018 0.00845252082133778 0.008142734150468298 0.006859051618825617 0.006479928775650012
0.034155993773432036 2.103186557764524 6.098565407866944 0.0037994437107356045
0.0705603104480481 0.06439310568265962 0.05137020159101852 0.05120909780713452 0.04852884062789127 0.0478716568479944 0.046488624121468744 0.04582217127653918 0.044555769785308376 0.042923494666931586 0.039839913324612994 0.038494630363527974 0.03823541327303499 0.03722280313854669 0.036299198532375274 0.03547807788835851 0.03485967023751625 0.033409242939117914 0.0322496091979815 0.03136550239967809 0.027544321580080675 0.026359858418889184
0.02669753004688509 0.022773288442843848 0.015269869879606058 0.01518432685602994 0.013789215829062245 0.013455351809498646 0.012763529328981298 0.01243544214229984 0.011821623606791712 0.011049356046683551 0.009650065337794328 0.009064687222861747 0.008953681365612955 0.008525647470378017 0.008143089552448041 0.007809347954664433 0.0075619958227456496 0.006995495068702703 0.006556527083042128 0.006230314412161614 0.004906678237036061 0.004525547283032275
0.020978426693628704 0.6979992338951793 10.114539863947174 0.004806246625389101
0.0691541650308466 0.06335212139392958 0.05121714609276437 0.05106774174084757 0.048583865777060344 0.04797528293518605 0.04669501948055886 0.04607830147236066 0.04490673505856032 0.043397221069840265 0.04054663761915726 0.03930323834266787 0.03906365818139542 0.03812775691585732 0.03727409711786775 0.036515123551404495 0.0359434879576577 0.034602613131003185 0.03353037900467119 0.032712769466026206 0.029177312790647586 0.0280807772647113
0.026776481953684508 0.023281495478483388 0.0165771815866578 0.016500019838858293 0.015237266284213225 0.014933714732749022 0.01430275800818971 0.014002537800250021 0.013438951784070896 0.012725972242311933 0.01142095078651461 0.01086906600881176 0.010763962709657569 0.010357251324074356 0.009991700734179357 0.009671094225486761 0.009432386428018247 0.008881899388288995 0.008451383180866082 0.008128986923656371 0.00679536555651929 0.006402347227848178
