0.11581294619598315 1.3633922912348253 2.973336320564825 0.000505577757015121
0.10865579433202567 0.10642194231626187 0.10430019144345758 0.10228258306581343 0.10036187959431099 0.0985314860697814 0.09678538154911347 0.09511805893513514 0.09352447208822481 0.0919999892327554 0.09054035181808198 0.08914163811688329 0.08780023094727883 0.08651278899256375 0.08527622126633715 0.08408766433347362 0.08294446195064105 0.0818441468354136 0.08078442431173197 0.07976315761256611 0.07877835464900804 0.0778281560793937
0.02716974192551596 0.026175539517129805 0.02524244415065998 0.024365560287462527 0.023540466059275376 0.022763160270343075 0.02203001605731351 0.021337740287716466 0.020683337915118526 0.02006408062441595 0.019477479197882473 0.018921259114579432 0.01839333896507225 0.017891811322153308 0.01741492575816174 0.016961073741938473 0.01652877518464076 0.016116666434548347 0.015723489547443577 0.015348082681825534 0.01498937148769783 0.014646361374432475
0.2591381712671572 2.7243129517452154 1.234627506082688 0.0009056511526711342
0.10935305825439445 0.10709069949885344 0.10494140247297754 0.10289719190966168 0.10095080855737604 0.09909563222457901 0.09732561431217435 0.09563521853201867 0.09401936870417518 0.09247340268904906 0.09099303164806027 0.08957430394246865 0.0882135730779645 0.08690746918563613 0.08565287360036782 0.0844468961576399 0.08328685488076992 0.08217025777425149 0.08109478647617738 0.08005828155474458 0.07905872926134642 0.0780942495764366
0.02687848975807698 0.025884574860643453 0.02495160876319227 0.024074740703955683 0.023249584387849975 0.022472166744981165 0.021738883013819293 0.021046457294108843 0.020391907839156915 0.01977251646238052 0.019185801522066934 0.018629494023829084 0.018101516444398502 0.01759996393500192 0.017123087609121013 0.01666927965919637 0.016237060080856944 0.015825064812415256 0.015432035122404474 0.015056808099465326 0.014698308117441366 0.014355539164548799
0.24502716234571298 2.6041061087990687 1.332392951323969 0.0007985266980208289
0.11017942280962367 0.1079068991965387 0.10574777704519003 0.10369407086037845 0.10173851075825711 0.09987446570191762 0.09809587618239744 0.09639719505175645 0.09477333540781219 0.09321962459218071 0.0917317634996863 0.0903057905122861 0.0889380494679508 0.08762516115738271 0.08636399791144564 0.08515166090173781 0.08398545982752037 0.0828628947055974 0.0817816395168882 0.08073952749529227 0.07973453787183422 0.07876478391065826
0.026721342026229902 0.025736621293303688 0.02481215543150017 0.02394315893758025 0.023125303555035857 0.022354667939531437 0.02162769352278761 0.020941145739094315 0.02029207990010565 0.01967781110623634 0.019095887669919372 0.018544067599739922 0.018020297757144425 0.01752269535079481 0.01704953147915963 0.01659921647083072 0.016170286805347368 0.015761393425856685 0.015371291279458419 0.014998829942177232 0.014642945203685791 0.014302651502595298
0.20397737192416554 2.2776347004840916 1.5646539817973084 0.0008583983329254755
0.10973106165045966 0.10752085129508349 0.10541973807994402 0.10342013510686232 0.10151512643582382 0.09969839607392275 0.09796416558224591 0.09630713913750291 0.09472245505610712 0.09320564293239136 0.09175258566420233 0.09035948574195726 0.0890228352644314 0.08773938921860414 0.08650614162393387 0.08532030419519906 0.08417928722399408 0.0830806824183128 0.08202224747340996 0.08100189217614435 0.08001766586999635 0.07906774612950926
0.028697417551936766 0.027664888061419216 0.0266945113247646 0.025781429952279472 0.02492124318588455 0.024109957452780228 0.023343942907138846 0.0226198951661093 0.021934801559742003 0.021285911310547384 0.020670709140046484 0.020086891869152752 0.019532347638454264 0.019005137425043634 0.018503478575805428 0.01802573011413915 0.017570379608908615 0.017136031421756633 0.01672139617247226 0.01632528128240719 0.015946582473481494 0.015584276115498117
0.1023391422753146 1.1783470119808086 3.3288848228145835 0.0010844176274028775
0.10729990557931701 0.10509380906049676 0.10299895958765865 0.10100740688736437 0.09911192700867949 0.0973059425279285 0.09558345285671523 0.09393897322249442 0.09236748111287665 0.09086436915960991 0.08942540359244545 0.0880466875222284 0.08672462842093871 0.08545590925760914 0.08423746282598121 0.08306644886482255 0.0819402336269805 0.0808563716001132 0.07981258912195394 0.07880676966703816 0.0778369406109745 0.076901261303336
0.02749716332378717 0.026498572074357022 0.025561644187222714 0.024681398386318772 0.023853340826924363 0.023073409806159493 0.022337927528615978 0.021643557936139906 0.020987269761565192 0.020366304092427644 0.019778145836605275 0.019220498570901117 0.018691262328654458 0.018188513945874757 0.017710489639065165 0.017255569533431644 0.016822263898874288 0.016409200884121837 0.01601511556750547 0.015638840166928375 0.015279295272204403 0.014935481980638335
0.24647616729179278 2.676173472949118 1.2194322006745328 0.0006593686100493067
0.1070701563579162 0.10489082689437425 0.10281962175944089 0.10084897658966015 0.09897200033041556 0.097182403492345 0.09547443517665831 0.09384282767675106 0.09228274764018375 0.09078975292368788 0.0893597543991138 0.08798898207403393 0.08667395498027419 0.08541145435962046 0.08419849974052478 0.08303232755464962 0.0819103719890396 0.08083024780987007 0.07978973492813526 0.07878676450718758 0.07781940643746171 0.07688585802562745
0.029008456894344524 0.027953774298635485 0.026963051158982374 0.026031251030708503 0.025153814678799142 0.024326607974897597 0.023545876159085374 0.02280820361499908 0.022110478429599255 0.021449861112820604 0.02082375694045172 0.02022979145845091 0.01966578875061122 0.01912975212579999 0.018619846927382472 0.018134385207121288 0.017671812039850885 0.017230693284419188 0.01680970462149224 0.01640762172043919 0.01602331140616974 0.015655723712916
0.16601599880074647 1.997404467335146 1.9502140560699734 0.0008263933235947542
0.10827401299395273 0.10606559118253768 0.10396679827518461 0.10196996043909061 0.1000680872042077 0.09825479862548452 0.09652426134926777 0.09487113237281478 0.09329050946525837 0.09177788736925234 0.09032911902971204 0.0889403812035041 0.08760814389488367 0.08632914313863373 0.08510035671844095 0.08391898246391047 0.08278241881730529 0.08168824740187859 0.08063421735861753 0.07961823124822424 0.07863833234097814 0.07769269313937349
0.028376489049207247 0.027339596818970212 0.026365663087083487 0.02544972850897326 0.02458730348718057 0.02377431692648457 0.023007071241566642 0.022282202781932773 0.021596646959068544 0.020947607462621885 0.02033252903877389 0.01974907337734596 0.01919509771666173 0.018668635828453684 0.018167881090610197 0.017691171394499043 0.017236975666981944 0.016803881815894883 0.016390585932418995 0.015995882605002926 0.01561865621782269 0.01525787312260397
0.16406420889565665 2.1004747272750395 1.96499506119882 0.0005903079682839437
0.10565856779313756 0.10344141088296094 0.1013357377984365 0.0993336304890119 0.09742788680331774 0.09561194300912995 0.0938798059321997 0.09222599338472491 0.09064548175444403 0.08913365979316175 0.08768628778452865 0.08629946138964611 0.08496957956929022 0.08369331606632648 0.08246759400375385 0.08128956321487348 0.08015657997406128 0.07906618884097226 0.07801610636892417 0.07700420646069109 0.07602850718282336 0.075087158873595
0.027432228060189558 0.026399164815669094 0.025430073998959888 0.024519821175948423 0.02366376726574754 0.022857713511710637 0.022097853289359943 0.021380729821061262 0.02070319900370741 0.02006239667078344 0.01945570970749528 0.0188807505200588 0.018335334430177312 0.01781745962518584 0.017325289344971243 0.016857136029977716 0.01641144719153268 0.01598679279734681 0.015581853992164359 0.015195412996845617 0.014826344049223986 0.014473605267376687
0.35924432720169064 3.2247972218553764 0.8165406289905831 0.0006575908101221789
0.10982773332705051 0.10758945799674592 0.10546210395198675 0.10343792538025182 0.10150986408655095 0.0996714764916288 0.09791686951055596 0.09624064411122225 0.09463784552874337 0.0931039192605021 0.09163467209210016 0.09022623751071172 0.0888750449523699 0.08757779240619751 0.0863314219636837 0.08513309795661714 0.08398018737471585 0.08287024229459612 0.08180098408655453 0.08077028919556432 0.07977617631865953 0.07881679482310751
0.027749853599436845 0.02672812384930162 0.025768393968584692 0.024865797147772855 0.0240159247303252 0.02321477666169049 0.02245871791872843 0.021744440130946122 0.02106892771678601 0.02042942795317971 0.01982342447738413 0.019248613788970196 0.018702884378602944 0.01818429816049423 0.017691073928431694 0.017221572592187772 0.016774283982812024 0.01634781504258485 0.015940879238916725 0.015552287061765263 0.015180937481681847 0.01482581026078511
0.07617632683359521 0.4754608129020558 4.540523362350825 0.001008361289520032
0.10887081013250542 0.10673407110378094 0.10470576595017647 0.10277804922796702 0.10094380631682029 0.09919657097247699 0.09753045366758473 0.09594007913311359 0.09442053176987941 0.09296730781168998 0.09157627329698714 0.09024362705136497 0.08896586800445101 0.08773976626574059 0.08656233746862298 0.08543081996291346 0.08434265449605181 0.08329546607365466 0.08228704773288542 0.08131534599840994 0.08037844782159753 0.07947456882998159
0.028821637345305327 0.027871419162658454 0.026979733435253662 0.026141769216756556 0.025353201395359282 0.024610133255714144 0.023909046729441663 0.02324675919674966 0.02262038588443976 0.02202730705684898 0.021465139321828527 0.02093171047834321 0.02042503741944291 0.019943306677266126 0.019484857257868093 0.019048165465050573 0.01863183145566482 0.01823456730542357 0.01785518639521021 0.017492593954134134 0.017145778617912208 0.016813804880186658
0.1017568235397518 1.1569468574541977 3.329186769011572 0.0008863061789937469
0.1074397919656091 0.10524284791639164 0.10315643832652867 0.1011726837993261 0.09928442293312394 0.09748513363919187 0.0957688643974441 0.09413017404614703 0.0925640789189775 0.09106600632371631 0.0896317535079998 0.08825745138413096 0.08693953239124005 0.08567470196255965 0.08445991314109369 0.08329234395084274 0.08216937718492542 0.08108858231798838 0.0800476992895359 0.07904462393831613 0.07807739489657982 0.07714418177762149
0.0278234608013557 0.026818978632866208 0.025876306747977428 0.02499046812210342 0.024156971247337095 0.0233717552228753 0.022631141832009514 0.021931793627098146 0.02127067719241418 0.020645030879130735 0.020052336411116953 0.019490293848066075 0.018956799466554777 0.01844992618223387 0.017967906189364214 0.01750911553890284 0.017072060414604608 0.016655364899207957 0.016257760050612125 0.015878074131769736 0.015515223858434691 0.015168206546438932
0.09701871122930072 1.0130531209237617 3.6340369661433747 0.0009312909458682667
0.10876504173329599 0.10653809754088231 0.10442381225833022 0.10241409663525869 0.10050160513613587 0.09867965358486049 0.09694214733557592 0.0952835184627979 0.09369867070053353 0.09218293105653369 0.09073200719142711 0.08934194978910392 0.08800911925911202 0.08673015620788178 0.08550195519644474 0.08432164137055316 0.08318654960684563 0.08209420586767739 0.08104231049887524 0.08002872324016737 0.07905144974835453 0.07810862945924804
0.026861458279772592 0.02589897795072127 0.02499605903038795 0.024147860428718398 0.02335001914952412 0.022598595431136567 0.02189002498058553 0.021221077290399296 0.020588819183322237 0.019990582860597333 0.01942393783850291 0.01888666624926334 0.018376741059293926 0.017892306822467695 0.017431662640736666 0.016993247050677018 0.016575624593733844 0.01617747386125774 0.015797576833796963 0.015434809358318778 0.015088132627734724 0.014756585544840687
0.09445110146698166 1.1034251434575748 3.54837892580378 0.0007556140314312508
0.10532720962381947 0.10314515538096997 0.10107386336058004 0.09910535323770336 0.0972323806149839 0.09544835532897931 0.09374727021830047 0.09212363885357959 0.09057244096507983 0.08908907449952207 0.08766931340069135 0.08630927034445837 0.0850053637727693 0.08375428866678158 0.08255299057980435 0.08139864251860972 0.08028862431913206 0.07922050421128536 0.0781920223090465 0.07720107579723873 0.07624570561658962 0.07532408447443799
0.02760084321105647 0.026595841578643326 0.025653405328994575 0.024768427933850718 0.02393630865404657 0.023152894384618466 0.022414429030207447 0.021717509336480454 0.02105904626942702 0.020436231173011264 0.0198465060516017 0.01928753742080269 0.018757193251990743 0.018253522604651493 0.017774737598682897 0.01731919742795717 0.016885394158085897 0.01647194008672246 0.01607755647486913 0.015701063483365606 0.015341371170716657 0.014997471427246344
0.07027427156395283 0.4417275074440462 4.905740279974154 0.0009636700941905373
0.10569525563415698 0.10356451471021501 0.10154384399838964 0.09962510917644181 0.09780095146192419 0.09606469796049624 0.0944102840458079 0.09283218595316972 0.09132536207178632 0.08988520166827364 0.0885074799780737 0.08718831876961962 0.08592415162538182 0.08471169329960326 0.08354791260891183 0.08243000839254333 0.08135538814642916 0.08032164899216383 0.07932656068972692 0.07836805044329158 0.07744418928375456 0.07655317984077406
0.027901906562139932 0.026968481779782203 0.0260938565991652 0.02527306855702857 0.024501671271880444 0.02377567150000778 0.023091474892198913 0.022445839121112674 0.021835833270131687 0.02125880255609875 0.020712337607994246 0.020194247647325095 0.019702537018546653 0.01923538460308208 0.018791125721550877 0.01836823618819144 0.017965318231208265 0.01758108803456086 0.01721436469190003 0.01686406039306198 0.01652917168866758 0.016208771699694962
0.2862993675676918 2.821879707022647 1.0905341315032426 0.0008601009449897123
0.11059780252520797 0.10835274696802155 0.10621893997077005 0.10418860945895118 0.10225467415046487 0.10041067005559685 0.09865068594767852 0.09696930658614093 0.09536156265389366 0.09382288652257073 0.09234907308701779 0.09093624501840096 0.08958082187677041 0.08827949260150816 0.08702919096406773 0.085827073623627 0.08467050047426744 0.08355701701334783 0.08248433849593104 0.08145033567034318 0.08045302191595076 0.07949054162665858
0.027700348167986354 0.026695135399692916 0.025750767793999884 0.024862463673738323 0.024025893485431923 0.023237130540141704 0.022492607759042674 0.02178907962208835 0.021123588633476416 0.020493435715306856 0.019896154023681976 0.019329485751909476 0.01879136154541155 0.01827988220406183 0.017793302391342372 0.017330016107085337 0.01688854371260126 0.016467520324506237 0.01606568541722362 0.01568187349452317 0.015315005708055092 0.014964082316044625
0.2306239770785916 2.4813907955711496 1.3442531675594982 0.0009341222448058366
0.10937370316728726 0.10717991209532021 0.10509424415539374 0.10310919251818917 0.10121791317205202 0.09941415487537271 0.09769219759896022 0.09604679831382248 0.09447314314775414 0.09296680507568163 0.09152370642825026 0.09014008560427567 0.08881246745844366 0.08753763690850408 0.08631261536823787 0.08513463966539171 0.08400114314900754 0.08290973872930683 0.08185820362653029 0.08084446563370694 0.0798665907229379 0.07892277184602017
0.029131685606475357 0.028089166753097354 0.02710923777718908 0.02618701727609581 0.02531808197209635 0.024498417169429867 0.023724373204940988 0.022992627098512457 0.022300148722725847 0.02164417090725978 0.021022162975156432 0.020431807277553202 0.01987097835269932 0.01933772438565378 0.01883025068832619 0.018346904956596168 0.017886164093067848 0.017446622411373593 0.01702698106150023 0.01662603853593117 0.01624268213395338 0.015875880276668208
0.10891026196118392 1.3761284571466708 2.9526715181243883 0.0007371804236862553
0.10499585375920283 0.10283805766875845 0.10078850423972142 0.09883951247938666 0.09698409690360468 0.09521589193525615 0.09352908575729961 0.09191836230034957 0.09037885024623321 0.0889060780973406 0.08749593450262531 0.0861446331495554 0.08484868163102419 0.08360485378037098 0.08241016503883353 0.0812618504800926 0.08015734516784703 0.07909426656602568 0.07807039875851995 0.07708367826720401 0.07613218128434525 0.07521411215898566
0.028689938056071118 0.02764020226818684 0.026654956663049935 0.025729037803524146 0.024857781480155258 0.024036966899839005 0.02326276787934988 0.022531710077561815 0.021840633444344053 0.021186659185278296 0.020567160643400324 0.019979737585312286 0.019422193451874063 0.018892515195436426 0.018388855378024368 0.017909516249508012 0.017452935562850012 0.01701767391602465 0.016602403438026204 0.016205897660241556 0.01582702243495791 0.015464727780415934
0.1633762055654967 1.949098374984503 2.00022084351354 0.0010244495332561525
0.10886848639090677 0.10665344572101541 0.10454825354573986 0.10254522909609687 0.10063737482988803 0.09881830368500458 0.09708217521688571 0.0954236394129683 0.09383778715560874 0.09232010645524687 0.0908664437022841 0.08947296929319469 0.08813614707702137 0.0868527071453019 0.08561962155385001 0.08443408262051132 0.0832934834905628 0.08219540070209591 0.08113757851858254 0.0801179148257588 0.0791344484157176 0.07818534750330497
0.028293753691084965 0.027262441463505996 0.026293648381273956 0.02538245705256487 0.02452441519945362 0.02371548498615221 0.022951998522154352 0.022230618716332085 0.02154830477652878 0.0209022817495423 0.020290013581525167 0.0197091792511816 0.019157651589741878 0.018633478454233278 0.01813486596545442 0.01766016356047792 0.017207850642442415 0.01677652463868017 0.016364890302558038 0.015971750115374373 0.015595995662748814 0.015236599875583363
0.2646262177748774 2.717406089539653 1.152951399758021 0.0009730251979751946
0.1092455029107433 0.10704332865250567 0.10494994755757862 0.10295778532686649 0.10105993844603776 0.09925010307282113 0.09752251257195957 0.09587188252781871 0.09429336223703269 0.09278249182871692 0.09133516428224699 0.08994759171615543 0.0886162754094409 0.08733797909108225 0.08610970509693504 0.08492867304722496 0.08379230074401538 0.08269818702753663 0.08164409636415149 0.08062794496784836 0.07964778828222062 0.07870180967151108
0.028812476054168347 0.027775310920291483 0.02680062977706176 0.02588354332253588 0.025019622654060002 0.024204849307394548 0.023435571362118574 0.02270846480667914 0.02202049947204987 0.021368908940921316 0.020751163922503823 0.020164948653741976 0.019608139947984295 0.019078788563564333 0.018575102608698858 0.018095432736744597 0.01763825891813729 0.017202178603074606 0.016785896112876817 0.016388213118538077 0.016008020082750762 0.015644288557052764
0.25750484342133184 2.6336388145581386 1.2372382652501974 0.0009132676102191142
0.11093561055142867 0.10869083080726312 0.10655713108700157 0.1045267635091107 0.10259266766699489 0.1007483976087326 0.09898805771301758 0.09730624625542167 0.0956980056371051 0.09415877839792908 0.09268436826230171 0.09127090557290428 0.08991481655792695 0.08861279595423807 0.08736178257423277 0.08615893745977744 0.08500162431420928 0.08388739194403282 0.0828139584768372 0.0817791971519199 0.08078112350589409 0.0798178837977944
0.027798034618329307 0.02679407947463593 0.02585076265149626 0.024963327106817798 0.02412746490222905 0.023339268342861128 0.02259518706465457 0.021891990276425164 0.021226733477799728 0.020596729070593348 0.019999520363053618 0.019432858535979355 0.01889468219897536 0.018383099215652086 0.01789637051977367 0.0174328956813327 0.016991200013234835 0.016569923036507686 0.01616780814537697 0.015783693333742473 0.015416502862013735 0.01506523975833196
0.09117502564933722 1.0061023695117899 3.6722201655180324 0.0012712446878611196
0.10579926068959733 0.10362927365651074 0.10156921609137769 0.09961118128583162 0.09774799087984572 0.0959731140348786 0.09428059696202082 0.09266500131896907 0.0911213502236366 0.08964508082638604 0.08823200254447569 0.08687826019718704 0.0855803013929801 0.08433484761474908 0.08313886852895373 0.08198955911164016 0.08088431924123068 0.07982073545617747 0.07879656461655392 0.0778097192435721 0.07685825434082669 0.0759403555265857
0.027993230051302213 0.026988750970036456 0.0260465381705864 0.02516152052634927 0.02432912887535052 0.023545238274701025 0.022806117742526173 0.02210838641713389 0.02144897522908123 0.020825093320148366 0.020234198558886616 0.01967397159932467 0.019142293010821865 0.018637223075589245 0.018156983908225777 0.017699943600519075 0.01726460213620634 0.01684957885559381 0.01645360127989697 0.01607549513072082 0.015714175401943812 0.015368638359976221
0.10100150599196389 1.1620982368454178 3.4299707111817836 0.0011446265898751853
0.10725970176606893 0.10503531385152715 0.1029236728411803 0.10091667219373837 0.09900695091791159 0.09718781108455986 0.09545314586116604 0.09379737656671515 0.09221539747998168 0.09070252732947644 0.08925446655604215 0.08786725957508644 0.08653726137941034 0.08526110791934358 0.0840356897775562 0.08285812872403345 0.08172575679436678 0.08063609758345383 0.0795868494883306 0.07857587066935902 0.07760116552932822 0.07666087253601232
0.026809477893258743 0.025829310116508058 0.02491009380542375 0.024046866861587992 0.02323515685783763 0.022470924994179926 0.021750517272532646 0.02107062186640133 0.020428231818967472 0.01982061233453277 0.019245272038363275 0.018699937672390622 0.018182531771972637 0.01769115293446795 0.01722405834577249 0.016779648277876823 0.01635645231031539 0.015953117062237784 0.01556839525068775 0.015201135915317049 0.01485027567084646 0.014514830866663494
0.2306131624667781 2.629387191611294 1.3778024890982583 0.000645035565582445
0.10686163956235907 0.10461729955072521 0.10248586857669119 0.10045932258110235 0.09853036344842446 0.0966923403889518 0.09493918108745603 0.09326533126778207 0.09166570152643613 0.0901356204588141 0.08867079324504797 0.08726726498312912 0.08592138815881327 0.08462979372795149 0.08338936535990443 0.08219721645272261 0.08105066958357594 0.07994723810295974 0.07888460961971226 0.07786063115686352 0.07687329578664992 0.07592073057737889
0.026905471995333646 0.025894327000435466 0.024945831430149158 0.024054950872863093 0.023217137456873607 0.022428275690687234 0.02168463504675838 0.02098282836925722 0.02031977532158156 0.01969267020329405 0.01909895356247727 0.018536287111042243 0.01800253151969498 0.017495726728047594 0.01701407445540669 0.016555922640458604 0.016119751574546048 0.015704161524453458 0.015307861667392576 0.014929660183878863 0.014568455373980016 0.014223227679476263
0.09302319937987213 1.0136305335702651 3.5291023801348644 0.0010481524335730678
0.10627178609018295 0.10412559389492336 0.10208718369974865 0.10014888225900365 0.09830371533352186 0.09654533102091911 0.09486793278923003 0.09326622083900851 0.09173534063255481 0.09027083760666015 0.08886861723358831 0.08752490971914154 0.08623623873080351 0.08499939363656484 0.08381140480892386 0.0826695216110283 0.08157119273487051 0.0805140486064333 0.07949588561099137 0.07851465192447185 0.0775684347647488 0.07665544890073055
0.028972506453392805 0.027945925196662152 0.026982219556263842 0.02607633522178227 0.02522371121883386 0.024420223985133972 0.023662138588262584 0.022946066080172453 0.02226892613677948 0.0216279142592331 0.021020472921021948 0.02044426613547257 0.01989715699435344 0.019377187792590535 0.01888256240849925 0.018411630655062794 0.017962874356979772 0.017534894941574872 0.017126402360139095 0.0167362051806079 0.01636320171333696 0.016006372049631644
0.21130872860016958 2.4448606760695895 1.4736444260077248 0.0007768157944318291
0.10700735805021917 0.10480750239717408 0.10271723740789067 0.10072886113327101 0.0988353603481065 0.097030336837648 0.09530794273250556 0.09366282365609405 0.09209006863267667 0.09058516585855456 0.08914396356907914 0.0877626353439964 0.0864376492865429 0.08516574059046823 0.08394388707606161 0.0827692873332084 0.08163934115808098 0.08055163201158749 0.07950391126326291 0.07849408401480082 0.0775201963236617 0.07658042366979513
0.02837093181682353 0.027328162393969572 0.02634904975795222 0.025428551201985606 0.02456210448581134 0.023745575105700134 0.022975210036826746 0.02224759707827434 0.021559629056858313 0.02090847225248048 0.02029153849798908 0.01970646048314618 0.019151069857469775 0.018623377782235533 0.018121557629304435 0.017643929564950925 0.01718894679155845 0.01675518324981111 0.016341322609586418 0.015946148399769253 0.015568535146189461 0.015207440403278837
0.10084835191067176 1.1577014946650626 3.3542000672835415 0.0013478523848601727
0.10703707094823765 0.10484109282969023 0.1027557951949809 0.10077327201191436 0.0988863392696758 0.09708845567265516 0.09537365337497765 0.09373647733379738 0.09217193207998545 0.09067543488849221 0.08924277448399155 0.08787007454576228 0.08655376138347719 0.08529053524621215 0.08407734480344138 0.0829113644014438 0.08178997375335233 0.0807107397676495 0.07967140025957749 0.07866984932378937 0.07770412417553636 0.07677239329252426
0.027739512336010616 0.026735065802148787 0.025792581672214942 0.02490705760487682 0.024073980590659644 0.023289271452305565 0.022549236427644365 0.021850524839936873 0.021190092012098767 0.02056516670798894 0.019973222490313584 0.019411952474140813 0.018879247030400764 0.01837317405741217 0.01789196149236509 0.017433981780398844 0.016997738057766856 0.016581851838672095 0.016185052023599947 0.015806165071127122 0.015444106195879851 0.015097871473079706
0.1830829292122843 2.1173759483263614 1.7612699279516333 0.000501045268370758
0.10930714636938435 0.10709683782627237 0.10499580892115785 0.1029964460266473 0.10109181012920831 0.0992755652946531 0.09754191583171452 0.09588555097739385 0.09430159610094004 0.09278556956916971 0.09133334453892217 0.08994111504653769 0.08860536585245961 0.0873228455739705 0.08609054270281485 0.08490566415880785 0.08376561607696326 0.08266798656541681 0.08161053020551431 0.08059115409472399 0.0796079052582566 0.07865895927702873
0.028587463391198057 0.027553318653615412 0.026581584911121343 0.025667374102469553 0.024806258546851003 0.023994221006043714 0.02322761080410434 0.022503105200317723 0.021817675326159632 0.021168556094554043 0.02055321957253036 0.019969351378847366 0.01941482972819749 0.01888770679486568 0.018386192112550978 0.017908637764606168 0.017453525151166518 0.01701945314732607 0.016605127490354716 0.016209351254500657 0.015831016289672165 0.015469095515645803
0.20775732062250107 2.3241459735864205 1.5277301174927227 0.0007071866641344208
0.10931427279374295 0.10710582837749756 0.10500654375816457 0.10300881564964094 0.10110571430315748 0.0992909121011085 0.09755862083195208 0.09590353647232598 0.09432079047531997 0.09280590670937335 0.09135476331508374 0.0899635588510821 0.08862878218815334 0.0873471856855342 0.08611576124692669 0.08493171890800255 0.08379246765350988 0.08269559820175709 0.08163886752827246 0.0806201849296701 0.07963759945392643 0.078689288544981
0.028659614765288284 0.027625364264298357 0.026653499499721445 0.02573913486320941 0.024877844986351344 0.024065614798512137 0.023298795645697475 0.022574066665295982 0.021888400726763305 0.021239034345981626 0.020623441063967653 0.02003930785115716 0.01948451415861637 0.018957113288852075 0.018455315802774933 0.017977474716956543 0.017522072277567816 0.017087708125097856 0.0166730886878069 0.016277017662433186 0.01589838745843467 0.015536171497408626
0.18278307975113883 2.1334690327590735 1.7666184939336051 0.00041992145264821564
0.10893789509382636 0.10672334235826184 0.1046185371035656 0.10261581251046857 0.10070818300712428 0.09888927182523216 0.09715324739022096 0.09549476734722331 0.09390892920153904 0.09239122670122707 0.09093751121508732 0.08954395746547114 0.08820703306528645 0.0869234713848919 0.0856902473394861 0.08450455574291947 0.08336379192109679 0.08226553431855668 0.08120752886646782 0.08018767491004572 0.07920401251901062 0.07825471102679257
0.028365353991552746 0.02733343407574001 0.026364016953692525 0.02545219045929659 0.024593506648838224 0.023783931277084173 0.023019799422574323 0.022297776442898726 0.02161482355831583 0.020968167461687278 0.020355273437253314 0.01977382154265759 0.01922168546985447 0.018696913752767656 0.018197713034211967 0.01772243314281029 0.01726955376341323 0.016837672512683702 0.016425494255733836 0.01603182152057931 0.0156555458851996 0.01529564022757527
0.2265340321417132 2.433015896468984 1.4019832232788176 0.0007511639052693122
0.1102649273811468 0.10804648167007032 0.10593751102924749 0.10393040407411741 0.1020182224366986 0.10019462954039404 0.09845382801927567 0.0967905046148618 0.09519978155490698 0.09367717356320483 0.09221854977138093 0.09082009990683396 0.0894783042184556 0.08818990667605803 0.08695189104268017 0.08576145947288023 0.08461601333621481 0.08351313600457018 0.0824505773758704 0.08142623993578851 0.08043816618414885 0.07948452727433102
0.0285425204946812 0.027517726908128246 0.02655458284370443 0.025648271366733824 0.02479442840295096 0.023989093684585638 0.023228667640101834 0.02250987343921231 0.02182972351744414 0.02118549000005213 0.02057467852621336 0.019995005043473447 0.01944437520125806 0.018920866022504153 0.01842270957543371 0.017948278404304078 0.01749607250955767 0.017064707694945936 0.016652905122579723 0.01625948193701748 0.015883342836915514 0.015523472487828552
0.10550339658457586 1.093102321493955 3.3318482639941855 0.0007019728927879149
0.11067425181773233 0.10844608195613084 0.10632930408753698 0.10431603424217895 0.10239910163236857 0.10057197105471666 0.09882867502475755 0.09716375427879428 0.09557220548747035 0.09404943520052617 0.0925912191885462 0.09119366647024045 0.08985318741699908 0.08856646541344293 0.08733043162618996 0.08614224249530868 0.08499925961578328 0.08389903172128851 0.0828392785209328 0.08181787617241817 0.08083284420315524 0.07988233371498649
0.027479593293391794 0.02650441816712985 0.02558866130454815 0.024727581427580525 0.02391689581114567 0.023152728850260106 0.022431567118890404 0.021750220018477786 0.021105785249848154 0.020495618456130477 0.019917306480080738 0.019368643759909827 0.018847611455860634 0.018352358957447325 0.017881187470171714 0.01743253542208633 0.01700496546595622 0.01659715288295911 0.016207875219669952 0.01583600301217912 0.01548049147016173 0.015140373010023467
0.23818200227366326 2.6711464186934535 1.3191924612461976 0.0009233051212555598
0.10694162161933066 0.10470666054974902 0.10258389357982388 0.10056536669521554 0.09864384370960061 0.09681272871517048 0.09506599814365578 0.09339814111217169 0.09180410692748522 0.09027925878944232 0.08881933287477639 0.08742040210086316 0.08607884396889931 0.08479131197052675 0.083554710113614 0.08236617018383084 0.0812230314105373 0.08012282224978645 0.07906324403510849 0.07804215627918956 0.07705756343742315 0.07610760296827937
0.027224413528494515 0.02620672313309235 0.02525187488271029 0.024354834677696727 0.023511053474355555 0.022716413445386344 0.021967180825283338 0.021259964531738028 0.02059167978731421 0.01995951607808963 0.019360908881012134 0.0187935146722346 0.0182551887970229 0.01774396583992597 0.017258042183379875 0.016795760485142548 0.01635559584105055 0.015936143430499473 0.015536107468566084 0.015154291311476926 0.014789588581743297 0.014440975196195954
0.06804257773596267 0.36729629800166586 5.031796052897678 0.0007183194329445344
0.10563548716635521 0.10352358842495205 0.101520823977637 0.09961912044111686 0.09781117555970316 0.0960903688361491 0.0944506841937451 0.09288664284546702 0.0913932448507711 0.08996591809018405 0.08860047359288237 0.08729306632150516 0.08604016065828599 0.08483849995265172 0.08368507958706338 0.08257712309858034 0.08151206096123341 0.0804875116910955 0.07950126498380182 0.07855126663471458 0.07763560502619361 0.07675249899554733
0.02832674633738015 0.027393961936120034 0.026519886265192374 0.025699556568729135 0.024928527842082347 0.02420280942615223 0.023518810406048144 0.022873292461809608 0.022263329044582187 0.02168626993692718 0.021139710408517795 0.020621464304473872 0.02012954050793536 0.01966212230513264 0.019217549253374572 0.018794301212628997 0.018390984251812608 0.01800631818324479 0.01763912551434493 0.017288321635703867 0.016952906090071485 0.016631954788341053
0.22327096479306385 2.614205358259123 1.4221609277769895 0.0005649445466657962
0.10599260586968186 0.10375017699555214 0.10162093209962603 0.09959679795546843 0.09767043450154682 0.09583515514159717 0.0940848569831768 0.0924139596348735 0.09081735139138482 0.08929034181050659 0.08782861983283273 0.08642821671845122 0.08508547317905213 0.0837970101718801 0.08255970289651485 0.08137065759875543 0.08022719083973111 0.07912681093426983 0.07806720130177996 0.07704620550648186 0.07606181379263594 0.0751121509451787
0.02674863794521346 0.025735333168032084 0.02478513059288123 0.023892935424259375 0.02305414748546106 0.02226460591602095 0.021520540784776138 0.020818530671596232 0.020155465410602393 0.01952851330549223 0.018935092227054053 0.018372844087104132 0.017839612254407004 0.01733342153871045 0.016852460420559705 0.016395065248480323 0.01595970616262684 0.015544974536080185 0.015149571752473742 0.014772299162233255 0.014412049080016167 0.014067796703423199
0.14779529077867937 1.879959948100057 2.2495735708759392 0.0005918433042444738
0.10690082640118875 0.10466420147956247 0.1025399969108975 0.100520229368869 0.0985976374808091 0.09676560364085487 0.09501808554080558 0.09334955607358728 0.09175495046726342 0.09022961967764703 0.08876928921043298 0.08737002266401907 0.08602818938563281 0.0847404357191618 0.08350365939577445 0.08231498668015531 0.08117175193772476 0.08007147933302794 0.07901186640778757 0.07799076931992369 0.07700618955300281 0.07605626192979305
0.027052266825278143 0.02603650102922073 0.025083560477542406 0.02418840596641554 0.023346484419248713 0.0225536748553938 0.021806241079404574 0.021100790174863104 0.020434236021477873 0.01980376716772963 0.01920681848729444 0.018641046128698602 0.0181043053365484 0.017594630781214614 0.01711021908368485 0.016649413264800024 0.01621068888440837 0.015792641667058068 0.015393976437508694 0.015013497212242972 0.014650098312868006 0.014302756384283667
0.18883775232557343 2.201273538715053 1.7011217081130576 0.0010356977291019515
0.10861617299200253 0.10640169008471533 0.1042970942112311 0.10229469742233635 0.10038749595036389 0.0985690973406407 0.09683365648257057 0.09517581933127346 0.09359067328956129 0.09207370337051204 0.09062075338779077 0.08922799152807225 0.08789187975070159 0.08660914653675247 0.08537676257513392 0.08419191902919455 0.08305200807490866 0.08195460544247642 0.08089745472809674 0.0798784532726648 0.07889563942995163 0.07794718106907231
0.028298288391976036 0.027266010636520975 0.026296382664187015 0.025384470976565463 0.024525809247700158 0.023716347377176192 0.02295240675626198 0.02223064091773378 0.021548000859285384 0.0209017044314407 0.020289209266591435 0.019708188798624543 0.01915651098462375 0.01863221939302678 0.018133516367814174 0.017658748016985408 0.01720639080673843 0.016775039571245043 0.016363396772409805 0.015970262865104796 0.015594527641586463 0.015235162444544575
0.19936304861182508 2.231861135500109 1.660464089364235 0.0005883398012632626
0.11059501275763718 0.1083434585423972 0.10620356056840195 0.1041675126986082 0.10222820297681087 0.10037913974952364 0.09861438680398088 0.09692850629831053 0.09531650844083953 0.09377380702772509 0.0922961800764869 0.09087973490150669 0.089520877069435 0.08821628275041676 0.08696287404734467 0.08575779694184708 0.08459840154395357 0.08348222437364833 0.08240697243789817 0.08137050889712245 0.08037084014121884 0.07940610411779682
0.02752312893655386 0.02652107453149127 0.025579775811626144 0.024694452475459545 0.023860776541313602 0.023074823055445913 0.022333026807177418 0.0216321442497414 0.020969219940709122 0.020341556913383272 0.019746690473314312 0.019182364984448023 0.0186465132693204 0.018137238298818623 0.017652796890693198 0.017191585173382623 0.016752125603758612 0.01633305535492259 0.015933115913861633 0.01555114374917415 0.015186061926684863 0.014836872565991163
0.25335100040972347 2.869675358014004 1.1888758738147611 0.0008744992201340255
0.10423433946482838 0.10202861030854316 0.09993425343359905 0.09794332089272335 0.09604858698551669 0.09424346968394086 0.0925219618650728 0.09087857098819155 0.08930826605978794 0.08780643090298884 0.086368822892999 0.0849915364422181 0.08367097062159264 0.08240380039171762 0.08118695099083854 0.08001757508940695 0.07889303237400551 0.07781087126877598 0.07676881254119752 0.0757647345721981 0.0747966600990091 0.07386274426360112
0.02741197124968848 0.026373053743849375 0.025398853944320354 0.02448414432738558 0.023624205181388937 0.022814767782704984 0.022051964685179264 0.02133228614767249 0.020652541868551418 0.02000982731745773 0.01940149405723466 0.018825123535618736 0.01827850389979255 0.01775960944928341 0.017266582395757395 0.016797716643477015 0.0163514433427939 0.015926318002063157 0.015521008971653845 0.01513428713800927 0.014765016686586457 0.014412146810484677
0.1350608952267507 1.8754977037357536 2.3692262802885207 0.0006230912386193696
0.10303009824865772 0.10083496675089294 0.09875115663749448 0.09677068188358995 0.09488628646368116 0.09309136441809802 0.09137988996761134 0.08974635626870697 0.08818572161718878 0.08669336208757758 0.08526502974638765 0.08389681570383278 0.08258511737496166 0.08132660941103345 0.08011821783788724 0.0789570970024293 0.07784060898304036 0.07676630516625783 0.07573190973180444 0.0747353048219978 0.07377451720067162 0.07284770623172535
0.027264102019018306 0.026220976526108143 0.02524322674689643 0.024325540487060347 0.023463124757548835 0.02265164729727681 0.021887185468271113 0.02116618150438433 0.020485403246681185 0.0198419096264029 0.019233020264097886 0.01865628864442241 0.018109478403026655 0.01759054232713656 0.01709760372681205 0.016628939880979896 0.01618296730251079 0.01575822860092345 0.015353380750663058 0.014967184598076184 0.014598495461826762 0.014246254700101588
0.07969411076517652 0.7988664330022569 4.240415824306977 0.0006771135746891868
0.10423290842017519 0.10207482120388463 0.10002764524992211 0.09808325608226891 0.09623429393927621 0.09447407682457465 0.09279652499978054 0.09119609522817072 0.08966772335322633 0.08820677402233387 0.08680899655309345 0.08547048609488853 0.08418764936748416 0.0829571743661357 0.08177600351283196 0.08064130980893706 0.07955047560815127 0.07850107368242669 0.07749085029892086 0.07651771006462342 0.07557970232807928 0.07467500895558347
0.027435467778257533 0.02645992222075118 0.025545817874411986 0.024688032965063552 0.023881967549138537 0.023123481479138615 0.022408840703386678 0.0217346706635126 0.021097915752324916 0.020495803959524713 0.01992581596942387 0.019385658088527956 0.01887323847565228 0.0183866462264989 0.01792413293104903 0.017484096377934993 0.017065066126958767 0.01666569071060466 0.016284726258970816 0.015921026371021847 0.015573533079271944 0.015241268775630288
0.21532089450036684 2.363588837341642 1.4566576689814321 0.0009551843104100806
0.1095522962456539 0.10735616596112514 0.10526822753220073 0.10328097345328781 0.10138755866720219 0.09958173060869054 0.09785776771966419 0.09621042529514834 0.09463488768621632 0.09312672602716261 0.09168186077324411 0.09029652843609978 0.08896725198942808 0.08769081449013383 0.08646423552200248 0.08528475012172802 0.08414978989223065 0.08305696604683949 0.0820040541610752 0.08098898043727976 0.08000980931189952 0.0790647322564258
0.029106022546934437 0.028064653034934446 0.027085773280073982 0.026164513002388742 0.025296458608627007 0.02447760385606204 0.023704306477710213 0.022973249980473804 0.022281409940061697 0.021626024211844865 0.021004566557798726 0.020414723258636972 0.019854372339042293 0.019321565084128745 0.01881450956824898 0.01833155595409678 0.017871183351679927 0.01743198805393329 0.017012672989165728 0.01661203825074173 0.016228972581860145 0.015862445708403793
0.22907083098579473 2.5079883623851082 1.3652921759003254 0.0008112870214353944
0.10876230646304046 0.10655304067643255 0.1044532654059503 0.1024553306551865 0.10055226637462164 0.09873771012395786 0.09700584356094326 0.0953513365585073 0.09376929792915269 0.09225523188458885 0.09080499948427566 0.08941478443274883 0.08808106267553907 0.08680057531981475 0.08557030447077985 0.08438745163015557 0.08324941835029283 0.08215378887785363 0.08109831455562705 0.08008089978078316 0.0790995893434594 0.07815255699163638
0.028497098167622734 0.02746349471799158 0.026492478820026512 0.02557912947772604 0.024718991221539723 0.023908023369064176 0.023142555472055414 0.02241924812396339 0.02173505842096938 0.021087209470095652 0.020473163423296196 0.01989059758896711 0.019337383234066842 0.01881156674270338 0.018311352842042165 0.01783508964489816 0.017381255291389324 0.016948446000378828 0.016535365365819666 0.016140814754125717 0.0157636846768259 0.015402947028431362
0.219163481677067 2.4002951342152836 1.4425170170811181 0.0008920889530087206
0.10961528346183129 0.10740498447286898 0.10530385862678486 0.10330430769291957 0.10139940600537602 0.09958282921194242 0.09784879167937961 0.09619199138530249 0.09460756129897803 0.09309102639830798 0.09163826559260747 0.09024547792426867 0.08890915251009958 0.0876260417576143 0.0863931374549389 0.08520764938704928 0.08406698617724397 0.08296873809229141 0.08191066158360952 0.08089066536598145 0.07990679786040893 0.07895723584935618
0.02866550776405164 0.02763362673532631 0.026663913045461972 0.025751502931480628 0.02489199044536086 0.024081377807794346 0.023316031783734377 0.022592645280179235 0.0219082034809987 0.02125995393056778 0.020645380060311785 0.02006217772231648 0.019508234353853026 0.018981610447628163 0.018480523046147296 0.01800333101590519 0.017548521889145484 0.017114700088454497 0.016700576373149225 0.016304958366849084 0.01592674204326525 0.015564904062503243
0.2337012889047262 2.6892532311211275 1.3451009838663284 0.0010693519181701
0.10590213757518978 0.10366428014484859 0.10153932677205982 0.09951922787398468 0.0975966645726133 0.0957649692922769 0.09401805625514689 0.09235036050113678 0.09075678426642261 0.08923264972883703 0.08777365727450018 0.08637584856298508 0.08503557377199215 0.08374946249013682 0.08251439780068585 0.08132749316209834 0.08018607174484618 0.07908764792970312 0.07802991071175407 0.07701070878781689 0.07602803713366293 0.075080024902085
0.026866885266490316 0.0258505876315546 0.024897529715539615 0.024002608758975426 0.023161217151890835 0.02236918709262507 0.021622742165226153 0.020918454888244956 0.020253209427528517 0.019624168783431654 0.01902874586234956 0.018464577926638956 0.01792950398833531 0.01742154477265694 0.016938884928831024 0.016479857209711207 0.016042928379173572 0.015626686638372043 0.015229830389439068 0.014851158178830228 0.014489559682818266 0.014144007615135786
0.29685065851739134 2.9155871518136958 1.0320263934034868 0.0006939217898684117
0.109617325738344 0.10738181700246012 0.1052572990672996 0.1032360009117631 0.10131084376591346 0.09947536729282644 0.09772366479958354 0.09605032624849169 0.09445038802180927 0.0929192885464724 0.0914528290144398 0.09004713854333277 0.08869864321434762 0.08740403850271097 0.08616026468248779 0.0849644848442273 0.08381406521230146 0.08270655749015231 0.08163968299710904 0.08061131839086468 0.07961948279587842 0.07866232618052924
0.02780070435725676 0.02678567467764173 0.02583227758757333 0.02493565666600213 0.024091415753492915 0.023295568701519994 0.02254449525926475 0.02183490227700323 0.021163789523525652 0.020528419515210054 0.019926290839323235 0.01935511452628891 0.01881279308707887 0.018297401884242493 0.017807172549806946 0.017340478201537207 0.016895820241831262 0.01647181655167145 0.01606719091625636 0.01568076353978497 0.015311442524851412 0.0149582162074526
0.08249257726953252 0.7700365831153273 4.177824590047579 0.0008658243795513796
0.10646195669512265 0.1042867510997275 0.10222263466230597 0.10026152798430228 0.09839610645005303 0.09661971505497752 0.09492629435622646 0.09331031591498462 0.09176672586245774 0.09029089543855252 0.08887857753194234 0.08752586839946239 0.08622917386712727 0.0849851794189667 0.0837908236669426 0.08264327476837842 0.08153990941898472 0.08047829410165268 0.07945616831531614 0.07847142954565459 0.0775221197713161 0.07660641332656856
0.027495507957235425 0.026530813404666946 0.02562634399311761 0.02477712330897121 0.023978677450401498 0.023226975827091528 0.022518379840952188 0.02184959828937841 0.021217648517445696 0.020619822498692462 0.02005365715149758 0.019516908304189087 0.019007527810675617 0.018523643392636575 0.018063540846636136 0.017625648306977982 0.01720852229936204 0.016810835357812533 0.016431365009047266 0.016068983955381675 0.015722651310179022 0.015391404759407055
0.24605755875128899 2.5591247830097026 1.248611337897796 0.0007750568678726109
0.10997276561488885 0.10778275540146438 0.10570035730038471 0.10371812544803943 0.101829269095966 0.1000275836182953 0.09830738985264079 0.09666348065482241 0.09509107371155613 0.09358576979330838 0.09214351574618204 0.09076057162047803 0.08943348141738743 0.08815904700651339 0.08693430482761826 0.0857565050417894 0.0846230928415221 0.0835316916671749 0.08248008810984359 0.08146621830872784 0.08048815567522007 0.07954409979679683
0.02937840267930191 0.028335024690089756 0.02735398954723604 0.026430456746184664 0.02556003813054169 0.02473874917419038 0.023962966133950415 0.023229388298233136 0.02253500466724904 0.021877064493768188 0.02125305119287766 0.020660659196836125 0.020097773388840612 0.019562450798840073 0.01905290428674508 0.018567487974578033 0.01810468422019256 0.01766309195192985 0.017241416206618797 0.016838458733209064 0.016453109541512172 0.01608433929040392
0.07206815584261761 0.45951178219953653 4.754126250480198 0.0012105441860754997
0.10652163646012631 0.1043953665317914 0.10237817602806173 0.10046207023686188 0.09863980978473448 0.09690482415022923 0.09525113666950019 0.09367329931563888 0.09216633581624828 0.09072569190622377 0.08934719170431475 0.08802699936049091 0.08676158525259074 0.08554769612012991 0.08438232861447073 0.08326270582101719 0.0821862563733107 0.08115059583297039 0.08015351005508438 0.0791929402973226 0.07826696986386351 0.07737381210316968
0.028409474131786246 0.027463055819936168 0.0265757460361962 0.025742607795004775 0.024959211596969136 0.02422157429466996 0.023526106301832616 0.022869565886876306 0.02224901949822392 0.021661807238856766 0.021105512748196737 0.02057793686593077 0.020077074549239498 0.019601094595593588 0.01914832179070457 0.018717221157692285 0.01830638403095455 0.017914515718146756 0.01754042454736737 0.017183012125141617 0.016841264654956195 0.016514245186629493
0.15895994883125564 2.033315764030076 1.9754324071147673 0.001351053889998333
0.10532936908368204 0.10315084795379839 0.10108115459634523 0.09911261642558071 0.09723824926089544 0.09545168339309482 0.09374709875850205 0.09211916797225252 0.09056300615866016 0.0890741266731471 0.08764840194202701 0.08628202875759336 0.08497149745992456 0.08371356451640977 0.08250522807756569 0.08134370614519254 0.08022641703791607 0.07915096188101708 0.07811510888327841 0.07711677919430539 0.07615403416218325 0.07522506383407052
0.028545725003074302 0.02748704329683317 0.026493266368006186 0.02555923432443418 0.024680280460647998 0.023852176971085135 0.023071087346687457 0.022333524553899173 0.021636314226010415 0.020976562207452327 0.020351625885355173 0.019759088822175006 0.019196738270755687 0.01866254521071679 0.018154646594123004 0.017671329530315746 0.01721101717567454 0.016772256124847274 0.016353705126419937 0.015954124968737566 0.015572369401188228 0.015207376973181542
0.09165570758088981 0.9598450616481006 3.6820077977063526 0.0007866242386436565
0.10704109319815157 0.10486865710871422 0.10280582958565557 0.1008447620249738 0.09897832560769224 0.09720003176233578 0.09550396277579082 0.09388471110184496 0.09233732614418792 0.09085726747959097 0.0894403636443599 0.08808277573859825 0.08678096521291044 0.08553166529462301 0.08433185558844741 0.08317873945221783 0.08206972380395107 0.08100240106365393 0.07997453297342917 0.07898403607363308 0.07802896864206436 0.07710751892818829
0.028207480985172596 0.02720745195195413 0.02626902356931421 0.025387206892267953 0.02455750426851171 0.023775853092479093 0.02303857681890976 0.02234234220294149 0.021684121893139847 0.0210611616369364 0.020470951469276785 0.019911200348649342 0.019379813783153454 0.01887487405539567 0.018394622710843325 0.01793744502152361 0.017501856177038082 0.017086488988930053 0.01669008292345945 0.01631147430260587 0.01594958753430151 0.015603427251046914
0.1913374100897346 2.198139017024848 1.7076690635836396 0.0010280651729800802
0.10951673531230117 0.10728252361984779 0.10515920810536643 0.10313902780971879 0.10121491267750271 0.09938040994839362 0.09762961954150223 0.09595713721056338 0.0943580044286323 0.09282766411312358 0.09136192143031706 0.0899569090268424 0.08860905612742484 0.08731506101603755 0.08607186648380429 0.08487663788339316 0.08372674347778901 0.08261973681251078 0.08155334087563972 0.08052543384033015 0.07953403621055488 0.07857729921331487
0.027863948257092923 0.026846875770749852 0.025891556090688155 0.02499312439307676 0.024147176707560978 0.023349719639461124 0.022597126225869745 0.02188609710651243 0.02121362630808736 0.020576971040600644 0.019973624988883092 0.01940129465443142 0.0188578783639781 0.01834144761344137 0.017850230460542564 0.017382596717577473 0.016937044728574848 0.016512189543194434 0.016106752323903475 0.015719550843808272 0.01534949095049975 0.014995558886814891
0.2940360072601925 2.881490871571924 1.0260661278180276 0.001015694483844977
0.10961555059856938 0.10740404914418507 0.10530182181368623 0.10330125953689988 0.10139542718840593 0.09957799213602994 0.09784316147807169 0.09618562679379625 0.09460051540488518 0.09308334729135488 0.09162999692848531 0.09023665941533308 0.08889982035355698 0.08761622901012968 0.08638287436119352 0.08519696366861187 0.08405590328714714 0.0829572814398973 0.08189885273367128 0.08087852421523826 0.07989434279457572 0.07894448388296406
0.028580833122080374 0.0275490014241028 0.02657936272834114 0.02566705093003726 0.024807657898497395 0.02399718382110036 0.023231993570372964 0.022508778294129318 0.021824521543192907 0.021176469348284828 0.020562103740076047 0.019979119276500264 0.01942540220115216 0.018899011907576185 0.018398164427839363 0.01792121770111452 0.017466658410028445 0.01703309020005351 0.016619223120913705 0.01622386414940332 0.01584590867065773 0.015484332810175007
0.168975727035232 2.0920264157907797 1.8796130301182248 0.0006769746655660878
0.1065789125782789 0.10438368825625371 0.1022979032168411 0.10031385993559454 0.09842454978450701 0.0966235792400204 0.09490510515641024 0.093263777865379 0.09169469104720003 0.09019333747378684 0.08875556985461572 0.08737756612660681 0.08605579862224925 0.08478700662923301 0.08356817192192718 0.08239649690213624 0.08126938503525744 0.08018442330957519 0.07913936648206284 0.07813212290463796 0.07716074175110241 0.07622340148764124
0.028381151996392066 0.027333551825034864 0.026349983845594758 0.025425372270890492 0.02455512505502205 0.023735080803558597 0.022961462199729592 0.02223083507104107 0.02154007234753399 0.02088632227014366 0.020266980298489022 0.01967966424455846 0.019122192224356144 0.018592563075457934 0.018088938936119063 0.01760962972235118 0.01715307927430659 0.016717852973265463 0.016302626656266528 0.015906176677582352 0.015527370985348374 0.015165161098156965
0.14483485951102215 1.6819783092490153 2.2845193567527167 0.0006835937959274514
0.11016286540770494 0.10795719049762814 0.10586025660451481 0.1038645090890387 0.1019630611045903 0.10014962290419155 0.0984184397356118 0.09676423716333302 0.09518217282711598 0.09366779379096961 0.09221699875786675 0.09082600452831073 0.08949131616792658 0.08820970042318058 0.08697816198723061 0.08579392227153557 0.08465440038466467 0.08355719605896131 0.08250007429934894 0.08148095155746776 0.08049788325921572 0.07954905253522945
0.028797476511706343 0.027765469503293685 0.02679540763231014 0.02588246108417739 0.02502225327546731 0.02421081182515549 0.023444525463236922 0.02272010608878696 0.02203455530232902 0.0213851348329446 0.020769340361703328 0.020184878312002733 0.01962964523620748 0.019101709478165838 0.01859929483409248 0.018120765971060993 0.01766461539388333 0.017229451778254287 0.016813989511369663 0.016417039301344073 0.016037499734130174 0.015674349671672503
0.17752716312979966 2.144064792033793 1.806930074109593 0.0008751220688468665
0.10751175356901442 0.10530142498770348 0.10320118931098637 0.10120331115178592 0.0993007466277076 0.09748706937672649 0.09575640565066273 0.09410337724722329 0.09252305122563867 0.09101089550578553 0.08956273958113514 0.08817473968598351 0.08684334785057582 0.08556528435671118 0.08433751317350541 0.08315722001010503 0.08202179267087072 0.0809288034401943 0.07987599325978796 0.07886125749189488 0.0778826330881965 0.07693828700686646
0.028152878917513502 0.027116127815115874 0.026142660914841173 0.025227467962231496 0.024366015617363655 0.023554195178546067 0.022788276713971333 0.02206486874144339 0.021380882720634067 0.020733501727517197 0.02012015276978887 0.019538482277788687 0.018986334369835118 0.018461731545764012 0.017962857509303688 0.017488041859978036 0.01703574642954321 0.016604553067407168 0.01619315270478951 0.0158003355491681 0.015424982279349877 0.015066056127734859
0.10520177345903703 1.3219143432359703 3.075139459808811 0.0011332657854129407
0.10482647104651627 0.10266558023185157 0.10061339425409913 0.0986621719621134 0.09680487606824192 0.09503509628075743 0.09334698209933216 0.09173518391657266 0.09019480127709718 0.08872133731958635 0.08731065857276302 0.08595895939831165 0.0846627304763758 0.08341873081577546 0.0822239628441774 0.08107565019535733 0.07997121786324556 0.07890827443716579 0.07788459617081246 0.0768981126701048 0.07594689401297575 0.075029139138117
0.02847299564785503 0.027430090086897355 0.026451477204583566 0.025531986400838237 0.024666949664451553 0.023852145044791943 0.023083747265852227 0.022358284490367718 0.021672600390934972 0.021023820810262578 0.020409324397987046 0.019826716700241012 0.01927380725312717 0.018748589294704503 0.018249221763912405 0.01777401330059936 0.017321407999776304 0.016889972706453323 0.016478385665836304 0.016085426368002233 0.01570996644706304 0.015350961512789795
0.254102094455425 2.6988147685964123 1.2359796746022496 0.0008680802038027073
0.10875065658146102 0.10651400707156883 0.10438883873514727 0.10236731138576148 0.10044228652317994 0.09860725215482141 0.09685625685679294 0.095183851810753 0.09358503974116142 0.09205522983568817 0.09059019786475753 0.0891860508285975 0.08783919555520737 0.08654631075319727 0.08530432209185121 0.08411037993897297 0.08296183943671195 0.08185624263798291 0.08079130246241324 0.07976488826191185 0.07877501281273923 0.07781982057403117
0.027594853510017517 0.02658072940367456 0.02562854209321061 0.024733381219290307 0.023890804807343295 0.023096787788484487 0.022347676850554474 0.021640150766850545 0.020971185473849262 0.02033802327382513 0.01973814562686584 0.01916924907195987 0.018629223880735613 0.018116135101850676 0.01762820570045559 0.01716380153683252 0.01672141796227689 0.0162996678394201 0.01589727081921648 0.015513043728352037 0.015145891939394465 0.014794801612030058
0.19596952886050478 2.2164773008582044 1.6820564362651826 0.0009706805632804788
0.11019562003462421 0.10794998934299936 0.10581576877047748 0.10378516559965276 0.10185108045222681 0.10000703346289755 0.09824709946764383 0.09656585098204322 0.09495830792633234 0.09341989320627173 0.0919463933873441 0.09053392380836935 0.08917889757253661 0.08787799793185465 0.08662815364733918 0.08542651696376376 0.08427044388604409 0.08315747648559321 0.0820853270003611 0.0810518635226484 0.08005509709492645 0.07909317005642755
0.02763608873058457 0.026628700347168 0.025682431768614313 0.02479247118745573 0.023954462349508546 0.02316445488331874 0.02241886068592443 0.021714415556638025 0.021048145386769676 0.020417336311645794 0.0198195083147927 0.019252391845140996 0.01871390706854716 0.018202145426481173 0.01771535321877588 0.017251916965032577 0.016810350331597782 0.016389282438781867 0.015987447386866263 0.015603674860017774 0.015236881684982748 0.014886064236781037
0.18727205632792832 2.228082127630291 1.7524402521004094 0.0009084585263380858
0.10819268799837228 0.1059472853134623 0.10381419660820639 0.10178549254537209 0.09985395617441445 0.09801300633104186 0.09625663048293553 0.09457932572544137 0.09297604682481343 0.09144216036926786 0.089973404224999 0.08856585160974907 0.08721587919408914 0.08592013872320552 0.0846755317221261 0.08347918690698146 0.08232843997574868 0.0812208154953582 0.08015401063921843 0.07912588056108871 0.07813442521862511 0.0771777774835025
0.027191314580490046 0.02618027939493805 0.02523136075827573 0.024339610073278627 0.02350055270139276 0.022710135692274994 0.021964681959579117 0.021260850032693384 0.020595598640751375 0.019966155492239096 0.019369989704113195 0.018804787411184496 0.018268430151814397 0.017758975681554125 0.017274640913756915 0.016813786726687794 0.016374904411310832 0.015956603563643527 0.015557601251081729 0.015176712304046045 0.01481284060321218 0.014464971248910125
0.08698794958863199 0.9017839185323521 3.808538353824023 0.0010613782839115236
0.10580314687031607 0.10365728138553626 0.10161990756577242 0.09968323477637135 0.09784018941148719 0.09608433532231919 0.09440980444807304 0.09281123618310011 0.09128372424504638 0.08982277000074605 0.08842424136624237 0.08708433653049062 0.08579955186371038 0.08456665346480978 0.08338265188091137 0.0822447795983003 0.08115047096016244 0.08009734421398863 0.079083185431889 0.07810593408144423 0.07716367005407702 0.07625460198304683
0.02862452346855373 0.027614300430136064 0.026666423155278035 0.02577582422285292 0.024937937680005774 0.024148641293513184 0.023404206303688238 0.022701253605690027 0.022036715450243057 0.02140780189507768 0.02081197135478878 0.020246904694280414 0.019710482392786822 0.019200764374307396 0.018715972158355 0.01825447303399443 0.017814766001722517 0.01739546926303744 0.016995309067575227 0.01661310975329476 0.016247784837067868 0.015898329031757856
0.24367598707506932 2.690751365107905 1.314169590190333 0.0006357342864607827
0.10778306093648202 0.10552292654691858 0.10337642415032132 0.10133548382522638 0.09939276525263528 0.09754157875155531 0.09577581611833853 0.09408988991490111 0.09247868005500377 0.09093748670886474 0.08946198869012759 0.0880482066102539 0.08669247018757621 0.08539138918466069 0.08414182752088609 0.08294088016937881 0.08178585250042915 0.08067424177871664 0.07960372056032125 0.0785721217686042 0.07757742525646281 0.0766177456869098
0.026605650908833496 0.025607647716063824 0.0246714144559346 0.02379199183388161 0.022964899464406028 0.022186082596335376 0.02145186546754505 0.020758910385717408 0.02010418176443021 0.019484914455812772 0.018898585815618162 0.01834289101666743 0.017815721194578304 0.017315144067445814 0.016839386720317776 0.016386820287255025 0.015955946299611414 0.015545384499854414 0.015153861946562645 0.014780203258843225 0.014423321867866023 0.014082212159981535
0.18719573586205207 2.1206579775309655 1.7246250901812394 0.0005934253607239506
0.11009122936207094 0.10788129735453064 0.10578027378367624 0.1037805989478059 0.10187538037455712 0.10005832234763462 0.0983236639684552 0.09666612460321579 0.09508085573439062 0.0935633983776832 0.09210964534542282 0.09071580773892035 0.08937838513840772 0.0880941390323597 0.08686006909030672 0.08567339193641073 0.08453152212652694 0.08343205507040197 0.082372751674071 0.08135152450624002 0.08036642531718814 0.07941563376007822
0.02877900119135235 0.027746208246957525 0.02677543507554054 0.02586184706343191 0.02500106285107617 0.02418910539144865 0.023422358918205915 0.022697531042529123 0.02201161930880374 0.02136188163362058 0.020745810132771946 0.020161107909191914 0.019605668433021424 0.019077557194728034 0.018574995354783987 0.018096345149900772 0.01764009684715316 0.0172048570642743 0.01678933829761805 0.016392349519313974 0.01601278772244997 0.01564963030809896
0.23932879474422186 2.737393997246381 1.2418342034658745 0.0009127740965370271
0.10448792793116127 0.10231427612310011 0.10024952337567686 0.09828596640821927 0.0964165955657416 0.09463502005032447 0.09293540239823653 0.09131240093018621 0.08976111909299213 0.08827706077112113 0.0868560907812171 0.08549439987623814 0.08418847368167914 0.08293506506749931 0.08173116952820633 0.08057400320206508 0.07946098321025055 0.07838971003932108 0.07735795172679491 0.07636362964081929 0.075404805671725 0.07447967067632434
0.028480219702518503 0.02742042764042436 0.02642587399605932 0.025491348176788574 0.02461214020650256 0.023783985313853655 0.02300301538212323 0.02226571633017497 0.021568890629993433 0.02090962428116359 0.02028525765979958 0.01969335974176136 0.019131705269897173 0.018598254494503797 0.018091135166858313 0.017608626508922802 0.01714914491930774 0.016711231207263845 0.01629353917366285 0.015894825381302338 0.015513939976998525 0.015149818445293192
0.24225580751874953 2.6884724638263573 1.2821671687115694 0.0007424579326919725
0.10695103936591728 0.10472845607164433 0.10261716600779638 0.10060930123619509 0.09869770181461332 0.09687583953053805 0.09513775105917045 0.093477979249473 0.09189152143635013 0.09037378384006756 0.08892054125111805 0.0875279013143 0.08619227282339359 0.08491033752046133 0.08367902496391495 0.08249549008910477 0.08135709313598112 0.08026138166174299 0.07920607439349273 0.07818904670772188 0.07720831755077533 0.07626203763795573
0.027621059829315626 0.026594682061615107 0.025631437811211747 0.024726288069984347 0.02387467764089491 0.023072481621927213 0.02231595851230201 0.021601709043562844 0.020926639969215104 0.020287932157293673 0.01968301242388034 0.01910952862496361 0.01856532759143021 0.018048435549311872 0.01755704071627225 0.017089477807035767 0.016644214216139288 0.0162198376769572 0.01581504522218774 0.015428633293546093 0.015059488867836507 0.01470658148333478
0.08125837464235497 0.6515807085694726 4.141460097358345 0.0006135385428181802
0.10806514669507142 0.10593483910391456 0.10391181218008058 0.10198838425842705 0.10015758005124537 0.09841305215046592 0.09674901262927146 0.09516017328408437 0.0936416932895379 0.09218913323088848 0.09079841463768737 0.08946578427529775 0.08818778256176943 0.08696121557052632 0.08578313015740832 0.08465079181639476 0.08356166492390286 0.08251339507861 0.0815037932837009 0.0805308217524413 0.07959258114698892 0.07868729908515695
0.029313815815066285 0.02832428672313861 0.027395252486195253 0.026521810707245495 0.025699544887311195 0.02492446820426732 0.024192974645347247 0.023501796431108765 0.022847966835209867 0.022228787642909108 0.02164180060677391 0.021084762354705935 0.0205556222863752 0.02005250306218953 0.01957368334621647 0.01911758251283034 0.01868274706776285 0.018267838568917293 0.0178716228617757 0.017492960469321826 0.017130797997816773 0.01678416043807505
0.07006190391829359 0.4025446042881477 4.909230457773786 0.0007686740921599563
0.10634036102440933 0.10421829887776124 0.10220550068780691 0.10029391998756058 0.09847627486464054 0.09674595985906329 0.09509696964950462 0.09352383275212564 0.0920215537507951 0.09058556281922264 0.08921167149439053 0.08789603382486263 0.08663511215355406 0.08542564690756796 0.08426462986191913 0.08314928042274082 0.08207702454164208 0.08104547592844559 0.08005241927641212 0.0790957952536962 0.07817368704840064 0.07728430828318437
0.028313487029964994 0.0273778479025161 0.026500864700858058 0.02567760744353863 0.02490365694167881 0.024175042718568497 0.02348818948128002 0.02283987084143617 0.02222716919790245 0.021647440871540094 0.02109828572846517 0.020577520649289374 0.02008315630221386 0.019613376761354495 0.01916652158132142 0.018741069997312097 0.018335626968799663 0.017948910825931984 0.017579742312330813 0.01722703484718166 0.01688978585422807 0.016567069026264522
0.1551421487846918 2.004869498258034 2.0533026483943324 0.0007891294226318171
0.10533068768561711 0.10313567025828396 0.10105070011083203 0.0990679865670607 0.09718044102070791 0.09538160119437472 0.09366556477229382 0.09202693111555381 0.09046074996229897 0.08896247617806685 0.08752792975816587 0.08615326039920686 0.08483491605419682 0.0835696149679445 0.08235432075936784 0.08118622017665664 0.08006270320180901 0.07898134522422211 0.07793989103993637 0.07693624046477279 0.07596843537677739 0.07503464802676882
0.02801888516603306 0.026971251772717197 0.025988193044931253 0.02506454851719189 0.024195653540571783 0.023377284418811872 0.022605610335198686 0.02187715114965663 0.021188740280053082 0.020537491995308577 0.019920772543989888 0.019336174623492 0.018781494764049833 0.018254713260627397 0.017753976335843826 0.017277580259876944 0.016823957189872153 0.016391662522730173 0.01597936358204973 0.015585829483129497 0.015209922039851923 0.014850587594453603
0.19261454480202156 2.2134703522667447 1.727136483007064 0.0008427774212365824
0.10979426562095411 0.1075361931021339 0.10539060748912786 0.10334960399618384 0.10140598458570739 0.09955318234384472 0.09778519513600066 0.09609652727538201 0.09448213812603341 0.09293739672016106 0.0914580416029076 0.09004014523032357 0.08868008234151853 0.0873745018067172 0.08612030152153648 0.08491460597619074 0.08375474617814711 0.08263824164932747 0.08156278425542465 0.08052622365619504 0.07952655419250008 0.07856190304905222
0.02713288500929529 0.026133895402533643 0.025195898782219502 0.024314064746768154 0.023484022863906502 0.022701812231654787 0.021963837224406434 0.02126682859385652 0.020607809214610997 0.01998406386590001 0.01939311252692307 0.01883268673646306 0.018300708629592242 0.01779527231728318 0.017314627319968953 0.01685716380477491 0.016421399409274028 0.016005967463044498 0.015609606442740872 0.015231150517424078 0.014869521059035051 0.014523719008564216
0.08554635285041179 0.8330771730683023 3.9719760114482194 0.0009045354060740816
0.1066969202367005 0.10453048533873684 0.10247397407266531 0.10051945613390609 0.09865973521603434 0.09688826702847528 0.09519908790208155 0.09358675244856725 0.09204627898388308 0.09057310162770675 0.08916302815903017 0.08781220284756806 0.08651707359742547 0.08527436283721328 0.08408104167289555 0.08293430688878782 0.08183156044049925 0.08077039113302542 0.07974855821913689 0.07876397668888539 0.07781470405147828 0.07689892843677966
0.028041099464531666 0.02705626445937424 0.026132440148534494 0.025264637299460452 0.024448364280009377 0.023679569237298123 0.022954589862314495 0.02227010964199924 0.021623119673071813 0.02101088525538111 0.02043091660220796 0.01988094310494271 0.019358890673339138 0.018862861742904795 0.018391117600214914 0.01794206272691084 0.017514230905404955 0.017106272865133533 0.016716945278625533 0.016345100942556517 0.015989680001053073 0.015649702087402316
0.47697321772713974 3.7263333049783354 0.5555615867914735 0.0008114194781921399
0.10958348811857069 0.10733564815155013 0.10519876060002774 0.10316513419095494 0.1012277522899051 0.09938020255397086 0.09761661492462903 0.09593160687313043 0.09432023496297737 0.09277795192377186 0.09130056854150267 0.08988421976503598 0.08852533450960637 0.08722060870751701 0.08596698121579374 0.08476161224166316 0.08360186399069101 0.08248528328027498 0.08140958589383447 0.08037264247923191 0.0793724658193445 0.07840719932382402
0.02752599586195023 0.026474372167394962 0.02548697766701804 0.0245588014479734 0.023685295052714966 0.02286232422072517 0.022086126141365566 0.021353271547569615 0.020660631064624537 0.020005345302129704 0.01938479824165006 0.018796593528758784 0.01823853332711691 0.017708599434887194 0.01720493640093485 0.016725836410641643 0.016269725739374807 0.015835152596252733 0.015420776202309945 0.015025356965895329 0.014647747634499208 0.014286885316506345
0.25519090978121495 2.76257136718456 1.2240331606574657 0.000987055255408034
0.10747701170297348 0.10523892594684289 0.10311301944479799 0.10109135268412685 0.09916670144669905 0.09733247966090444 0.0955826717991041 0.09391177350592284 0.09231473934004968 0.09078693667775052 0.08932410496547655 0.08792231962622812 0.08657796002337625 0.08528768096947037 0.08404838733866397 0.08285721140182863 0.08171149255491228 0.08060875915504458 0.07954671221648578 0.07852321075073469 0.07753625856278352 0.07658399233931919
0.02724521470077923 0.026230523706123346 0.025278337096647733 0.024383659131843618 0.023541974401922655 0.0227491946201891 0.02200161200939974 0.021295858387121388 0.020628869186053278 0.019997851755826874 0.019400257386285806 0.018833756571464064 0.01829621710072434 0.017785684620706264 0.017300365360457617 0.01683861075370926 0.01639890372781444 0.01597984645933298 0.015580149422377811 0.015198621578307531 0.014834161574692632 0.014485749838166844
0.24935881382513114 2.8634698751608685 1.1729393120124263 0.00033996624554507486
0.10307522674488533 0.10090691924660795 0.09884779869918973 0.09689009675251062 0.0950267487654648 0.09325131748867181 0.09155792624265718 0.08994120027617174 0.0883962151879516 0.08691845146164394 0.0855037543033772 0.08414829808908394 0.08284855482791646 0.0816012661319934 0.08040341825380772 0.07925221981299985 0.07814508188557868 0.07707960017249327 0.07605353900190849 0.07506481695160949 0.0741114939054843 0.07319175938169806
0.028217985121293088 0.02715502225329647 0.026158003041628783 0.025221621892779978 0.024341086611079997 0.023512061169901986 0.022730615619702077 0.02199318215806268 0.02129651653048025 0.020637664051681364 0.02001392963949532 0.01942285133984225 0.018862176894766228 0.01832984296777249 0.017823956693775553 0.017342779266197164 0.016884711312390607 0.016448279841632177 0.016032126578265974 0.01563499751693039 0.015255733557735908 0.014893262097309635
0.1181895161709976 1.4612196465488618 2.827336254604401 0.0007841338870557522
0.10704373979019222 0.10483481182972713 0.10273672974002823 0.10074162753283399 0.09884235116183115 0.09703238121251762 0.0953057652451443 0.09365705844583407 0.09208127144571636 0.09057382433910484 0.08913050607523419 0.08774743851863853 0.08642104457480189 0.08514801986344371 0.0839253074943535 0.08275007556222289 0.08161969702923638 0.08053173170874899 0.07948391010143448 0.07847411886785084 0.07750038774929016 0.07656087777277315
0.027700275493374338 0.026680222946891055 0.02572292442417034 0.024823354735264046 0.023976974142743097 0.02317967418170519 0.02242773026362127 0.021717760131138523 0.021046687369654243 0.020411709298140793 0.019810268660040747 0.019240028618113615 0.018698850627416864 0.01818477482022526 0.01769600258735627 0.01723088108350599 0.016787889420998917 0.01636562634780673 0.01596279923262421 0.015578214202895365 0.015210767301541127 0.014859436545237574
0.08439424478066582 0.7350709421145813 4.002733604610417 0.0007401105182501364
0.10806923870345198 0.10592381372431006 0.10388638845039976 0.10194923811924685 0.10010534692252085 0.09834832944457687 0.09667236217217498 0.09507212362661138 0.09354274189840851 0.09207974855450048 0.09067903804566546 0.0893368318735659 0.08804964688681481 0.08681426716778587 0.0856277190494946 0.08448724886731258 0.0833903031055901 0.08233451064613509 0.08131766686532342 0.08033771936052593 0.07939275511549407 0.07848098893911458
0.028983879288143066 0.02799241604657764 0.027061616848301266 0.026186573513871696 0.025362862706120752 0.024586490085550524 0.02385384173156722 0.023161641786035688 0.022506915438285067 0.02188695650617898 0.021299298980996043 0.02074169199856389 0.020212077778545362 0.01970857214059918 0.019229447262466684 0.018773116392628356 0.01833812027047302 0.017923115041121946 0.017526861481136233 0.017148215376124466 0.01678611891243959 0.01643959296327255
0.18869888178065997 2.2061319212766537 1.6799959576894181 0.0013898596028031676
0.10820520430698981 0.10600673453042245 0.10391718974454879 0.1019289626465971 0.10003512169678011 0.09822933927933286 0.09650582862105314 0.09485928827987215 0.09328485319128693 0.09177805140804093 0.09033476579290232 0.08895120002959161 0.08762384840602204 0.08634946889965461 0.08512505915909904 0.0839478350309219 0.08281521132744425 0.08172478457137451 0.08067431748747303 0.07966172504094918 0.07868506184768673 0.07774251080329063
0.028711812663681714 0.027668383217569505 0.02668813063663967 0.025766091019945776 0.02489776949305028 0.02407908916888385 0.02330634631956246 0.022576170931869567 0.021885491937820693 0.021231506512307298 0.020611652915186508 0.020023586427769132 0.019465157995483335 0.01893439524124175 0.01842948555912453 0.01794876103659056 0.017490684986531373 0.0170538398989184 0.01663691664626223 0.01623870479819041 0.015858083918654908 0.015494015735020836
0.07693564878514236 0.5562814714671231 4.414360813408532 0.0011465084253399428
0.10757727706031102 0.10544820561706378 0.10342716782991647 0.10150635294573254 0.09967867668821491 0.097937699490846 0.09627755539716519 0.09469289006404512 0.09317880655599108 0.09173081782675051 0.09034480495694643 0.08901698035962678 0.08774385528488991 0.08652221105438171 0.08534907353993496 0.08422169047076217 0.08313751121270392 0.08209416871295751 0.0810894633459952 0.08012134843228988 0.07918791723203662 0.07828739124214783
0.028947607240862094 0.027977529683435344 0.027067271904346952 0.02621192461374843 0.025407072696377358 0.024648737034016953 0.02393332407873901 0.02325758203588613 0.022618562698163865 0.022013588123367615 0.02144022147384951 0.020896241440432912 0.02037961976083273 0.01988850141576678 0.01942118714731281 0.018976117995694028 0.0185518615942115 0.018147099998839573 0.01776061886017465 0.01739129777189727 0.017038101652432185 0.0167000730357005
0.29948214735966816 2.8656244366796346 1.0449769773944653 0.0010828027339991216
0.11148674855258398 0.10923228287235193 0.10708933373739174 0.10505012630400472 0.10310757526443308 0.10125521164359892 0.09948711850995204 0.09779787439270901 0.09618250337596247 0.09463643099013515 0.09315544514778117 0.09173566147769384 0.09037349250188227 0.0890656201768895 0.08780897138634519 0.0866006960274072 0.08543814738137064 0.08431886449947668 0.08324055636990013 0.08220108766191482 0.08119846586907718 0.08023082969555308
0.027556124199679483 0.026559340042341797 0.025622731926861958 0.02474158375315274 0.023911624054184386 0.023128977698529323 0.022390123462226817 0.021691856688874724 0.02103125636889357 0.020405656063831767 0.01981261818214895 0.019249911181418982 0.01871548933024412 0.018207474712959526 0.017724141202762823 0.017263900165339675 0.016825287686306735 0.016406953142640367 0.016007648961363405 0.015626221428675955 0.015261602429910013 0.014912802015555447
0.18189396455640183 2.2087966462495694 1.7713890051793872 0.0010623527455064666
0.10715922690057007 0.10493693170323988 0.10282575754827235 0.10081786226938043 0.09890610798138719 0.09708398538063774 0.09534554737687995 0.09368535077666804 0.09209840492960347 0.09058012640931519 0.08912629893622549 0.08773303786312349 0.08639675864090031 0.08511414876340082 0.08388214275960887 0.08269789986030415 0.08155878401655026 0.08046234599027406 0.07940630727391287 0.07838854562759565 0.07740708204938296 0.07646006901738651
0.02768711432601874 0.026658290324962333 0.025692643524364178 0.024785143429452084 0.023931241093753313 0.023126816039799283 0.022368129722376007 0.021651784651483538 0.02097468842054303 0.020334021993887827 0.019727211699442245 0.019151904450419862 0.018605945786096912 0.01808736037809622 0.01759433469670067 0.017125201572797306 0.016678426426213946 0.01625259496135554 0.015846402156937466 0.015458642398885709 0.015088200624666936 0.014734044363878186
0.24000033249334363 2.563132022358137 1.3205932138807364 0.0012224194904325518
0.10964353606976443 0.1074122340877973 0.10529161302258798 0.10327393170946844 0.10135213779870839 0.09951979438978527 0.09777101562837627 0.0961004100478376 0.09450303061727498 0.09297433061001378 0.09151012453416728 0.09010655347504783 0.0887600542906365 0.08746733217893335 0.08622533620198465 0.08503123740758983 0.08388240923766917 0.08277640995331105 0.08171096684169038 0.08068396200025092 0.07969341951953006 0.07873749390840297
0.027980160815206524 0.026963497882366568 0.02600847648312388 0.025110243595052317 0.02426440592661821 0.02346697973709494 0.022714346783876727 0.02200321557795887 0.021330587246381427 0.020693725400358704 0.020090129492566937 0.019517511219069864 0.018973773582650816 0.01845699228657763 0.017965399172461753 0.017497367454062735 0.017051398531621475 0.016626110199406113 0.016220226083321045 0.015832566166245652 0.015462038276730459 0.015107630432199957
0.14568197513887648 1.8347455836201099 2.2985484992719876 0.0013595932140745151
0.10741055629958886 0.10516956640088604 0.10304110137355367 0.10101717912268507 0.09909053865065712 0.0972545620351644 0.09550320609658312 0.09383094241445755 0.09223270455507535 0.0907038415415032 0.08924007673974048 0.08783747145441924 0.0864923926285408 0.08520148412719651 0.08396164115764745 0.08276998743965716 0.08162385479233641 0.08052076484842767 0.07945841264514217 0.07843465187336908 0.07744748159515161 0.07649503426346824
0.027017424191156485 0.026006092914161182 0.025057204605215377 0.024165758105997935 0.023327234093946533 0.022537541587558337 0.021792971099182667 0.021090153530003306 0.020426024034937446 0.019797790197363094 0.019202903948377578 0.01863903674553878 0.01810405759410847 0.017596013551662515 0.017113112406182858 0.016653707259756227 0.016216282785904382 0.015799442959304553 0.015401900083017244 0.015022464960984104 0.014660038083048487 0.014313601706553663
0.07772409133710056 0.6986496637631308 4.450873995028917 0.000815895818316335
0.10523693707773504 0.10306611367684666 0.10100718528542739 0.09905192098596818 0.09719286879623559 0.09542326652554324 0.09373696444927321 0.09212835804071065 0.09059232928794614 0.08912419536100802 0.08771966359027455 0.08637479187936173 0.08508595381032304 0.08384980781114885 0.08266326984924526 0.08152348919308146 0.08042782685016722 0.07937383634511398 0.07835924654850919 0.07738194630713278 0.07643997065985213 0.07553148845232101
0.027055229811338836 0.026106098635645968 0.02521686878738975 0.024382518807010516 0.02359854298727709 0.02286088946630685 0.022165906726275365 0.02151029723676587 0.020891077187177465 0.020305541422184874 0.019751232834578355 0.01922591558626764 0.018727551625129825 0.01825428004621575 0.017804398913437946 0.017376349214554696 0.01696870066991905 0.016580139155618026 0.016209455535546938 0.015855535725681946 0.015517351838185553 0.015193954273708555
0.43228680769766525 3.5721317393537606 0.633622001872736 0.0009949959586474145
0.1090044901695811 0.10676738728373165 0.10464106129359807 0.10261779495412779 0.10069055284300191 0.09885290953923492 0.09709898643719239 0.09542339604781508 0.09382119280382058 0.09228782952546986 0.09081911882215062 0.08941119880589217 0.08806050257880056 0.0867637310296262 0.08551782853722112 0.08431996123215225 0.08316749751359316 0.082057990557981 0.08098916258977515 0.07995889071380613 0.07896519413385955 0.0780062226038761
0.027672083387549236 0.026627550808525313 0.025646756227181683 0.024724705135297464 0.023856868849466983 0.023039135008465696 0.022267763886219972 0.021539349782205966 0.020850786850452347 0.020199238813733842 0.019582112083018566 0.018997031865485663 0.018441820898926882 0.01791448049734111 0.017413173633094792 0.016936209816069747 0.016482031560534426 0.016049202256722902 0.01563639528685933 0.015242384245111179 0.01486603413811062 0.014506293457606637
0.11709407015614537 1.3725092800069818 2.9819664272095707 0.0007429651695215458
0.10907554534699991 0.10682491689019473 0.104687419163393 0.10265500525789231 0.10072035875865554 0.09887681413144575 0.09711828709320615 0.0954392135678615 0.09383449604372762 0.0922994563274232 0.09082979383879927 0.08942154871697221 0.08807106911320027 0.08677498213545311 0.0855301679848591 0.08433373688805496 0.08318300848368777 0.08207549336748005 0.0810088765396534 0.07998100253218293 0.07898986202221077 0.07803357976272778
0.026696095343576864 0.02571556299860643 0.024795448643154198 0.02393090021616697 0.023117536247329953 0.022351393078207188 0.021628878729413003 0.020946732494050716 0.02030198947535805 0.01969194940216312 0.01911414915311651 0.018566338502793333 0.018046458672182714 0.017552623324887624 0.017083101700270473 0.01663630361722971 0.016210766118466984 0.015805141555990814 0.015418186945025369 0.01504875443613908 0.014695782774854099 0.014358289634725767
0.20004468732300795 2.3502210114547997 1.6160310464744048 0.0009544503448245651
0.10777555261893954 0.10553778060037285 0.10341196948684611 0.10139021253480585 0.09946531358071298 0.0976307106103529 0.09588040875643405 0.09420892143031588 0.09261121848723076 0.09108268048683604 0.08961905824763709 0.08821643700910152 0.08687120461270616 0.08558002319566853 0.08433980396114327 0.08314768464822703 0.08200100937588235 0.08089731057824605 0.07983429278589785 0.07880981803948006 0.07782189274940166 0.07686865583889464
0.027349858369205053 0.02633325808630452 0.025379137148778475 0.024482515503469335 0.023638890376176454 0.022844183596901067 0.022094695426090723 0.021387064003546397 0.020718229669530724 0.020085403515668503 0.019486039614702046 0.018917810455740883 0.01837858517755724 0.017866410248581658 0.017379492290091537 0.016916182779949735 0.01647496440921825 0.016054438893946272 0.01565331607017024 0.015270404122301613 0.014904600814151863 0.014554885608305014
0.46703151126939957 3.6637522767427564 0.5903577180654456 0.0013831041895917737
0.110748598631768 0.10847020040101912 0.10630459157103145 0.104243921865867 0.1022810332968713 0.10040938746707112 0.0986230015741861 0.09691639196379102 0.0952845242475006 0.09372276913983525 0.09222686328549892 0.09079287444937616 0.08941717052734517 0.08809639190928524 0.08682742678834646 0.08560738906425705 0.0844335985345302 0.08330356310703743 0.08221496280150889 0.08116563533691105 0.08015356312703471 0.07917686152857584
0.026714695997655233 0.02569589150981229 0.024739422499651997 0.02384040595704263 0.022994412662302344 0.022197419321147327 0.02144576625414379 0.020736119948734026 0.02006543987244523 0.019430949024264742 0.01883010776900411 0.018260590558199487 0.01772026519194453 0.01720717432009943 0.016719518919495146 0.016255643516859455 0.015814022955924305 0.015393250532129671 0.014992027340033125 0.014609152697409325 0.014243515526462087 0.013894086586901715
0.17288569627716877 2.0502200964140207 1.9247346344824399 0.0007862244673297657
0.10920605202824349 0.10696011744557873 0.10482608176045224 0.10279607974854926 0.10086294961651306 0.09902015770128558 0.09726173241457252 0.0955822061694282 0.09397656421390833 0.09244019945468186 0.09096887248650833 0.08955867615575651 0.08820600408109788 0.08690752263499744 0.08566014595799695 0.08446101363597976 0.08330747072024697 0.08219704981265921 0.08112745497443298 0.0800965472483579 0.07910233161100753 0.0781429451946076
0.027379836154866284 0.026370678335637072 0.025423142210938856 0.02453234758241323 0.023693878942691836 0.02290373451876587 0.022158281564684437 0.02145421706444086 0.020788533127344723 0.020158486460899735 0.019561571393257666 0.018995495991221415 0.01845816088262361 0.017947640445460152 0.017462166071865886 0.01700011125410161 0.01655997827319524 0.016140386299599838 0.0157400607399143 0.01535782368496177 0.014992585332844408 0.014643336276419942
0.19681270160783282 2.2165811070965877 1.6725755539164904 0.0006070849211789905
0.11032700164945268 0.1080834411845621 0.10595108389807552 0.10392215985235628 0.10198958964910028 0.10014691098413335 0.0983882141598937 0.09670808534036845 0.09510155651275325 0.09356406127116883 0.092091395665184 0.09067968346358081 0.08932534527500297 0.08802507104453847 0.08677579551111887 0.08557467626672034 0.0844190741062586 0.08330653539805669 0.0822347762399066 0.08120166819592578 0.08020522543538652 0.0792435931170906
0.027733055952921006 0.0267244579999688 0.025776964967951413 0.02488577276223459 0.024046531507905842 0.023255296089331703 0.022508482712562592 0.021802830687813086 0.021135368744514178 0.020503385289086042 0.019904402098454576 0.01933615101279185 0.018796553250965135 0.018283701023370628 0.017795841160576184 0.017331360513648024 0.016888772914151005 0.01646670750939606 0.01606389831224158 0.015679174825207726 0.01531145361631717 0.014959730739338994
0.07087149334301801 0.3339157302992077 5.001744728629239 0.0011703688575802702
0.10833611151729924 0.10619321882451188 0.1041606059050477 0.1022301522767092 0.10039450941426739 0.09864701170171092 0.09698159931705612 0.09539275124893787 0.09387542694363928 0.09242501532665635 0.09103729014476496 0.08970837074115878 0.08843468751417452 0.08721295142471297 0.0860401270129545 0.08491340846478586 0.08383019833527211 0.08278808859277388 0.08178484369475647 0.08081838544645412 0.07988677942756821 0.07898822280109356
0.02792271928010335 0.02701611204778692 0.026166255696993015 0.02536837651079036 0.02461819644586926 0.023911872719190985 0.023245945742115207 0.02261729412656612 0.022023095699471442 0.021460793635723483 0.020928066963378844 0.02042280481342966 0.0199430838848218 0.019487148677152153 0.019053394111627552 0.018640350217826375 0.018246668611531538 0.017871110528997838 0.017512536216782927 0.01716989550477688 0.016842219414188772 0.016528612672710597
0.11078776180045147 1.298918840501698 3.0494440121844804 0.0006139805199259544
0.10795917235224185 0.10575310097733935 0.10365755522783611 0.10166470091950103 0.09976741270266479 0.0979591970360179 0.09623412479457166 0.09458677216590658 0.09301216869446216 0.09150575150540118 0.0900633248834471 0.08868102450288352 0.08735528570657071 0.08608281531760885 0.08486056653982178 0.08368571656472802 0.08255564655491783 0.08146792371824714 0.0804202852252379 0.07941062375455178 0.07843697447925026 0.07749750333046564
0.027863443320422586 0.026851946348045427 0.02590242700717523 0.025009930492127824 0.024169980743857795 0.023378526924865122 0.022631896616326398 0.021926754809244015 0.02126006790009852 0.020629072018023678 0.020031245108650546 0.019464282282568128 0.018926074006363456 0.018414686773530167 0.01792834594290523 0.01746542047514674 0.01702440933429541 0.01660392935266194 0.016202704383981376 0.01581955559266571 0.015453392746647381 0.015103206398225303
0.09272819427557011 0.9603739129066882 3.662648234651786 0.0008751391868158181
0.10758987185147736 0.1054107345253249 0.10334141651553146 0.10137406488856908 0.09950154581647243 0.0977173652392988 0.09601559963380045 0.09439083544614126 0.09283811597222058 0.09135289465672035 0.08993099393827582 0.0885685688987484 0.08726207508398319 0.08600823995533795 0.0848040375086779 0.08364666566289461 0.08253352607533987 0.08146220608852346 0.08043046255236637 0.07943620730036254 0.07847749408710805 0.07755250681959189
0.028138844480976505 0.027142970885484747 0.026208344832639306 0.0253300145000732 0.024503514801595877 0.02372481177131245 0.022990254111415923 0.02229653088643199 0.021640634503327684 0.021019828247696083 0.02043161775571776 0.01987372589346284 0.019344070592349473 0.01884074525468727 0.018362001398237363 0.017906233255286643 0.01747196408124139 0.017057833961336526 0.016662588932676893 0.016285071263261956 0.01592421075054935 0.015579016920031656
0.19436476676842074 2.259082692926108 1.6448681607595104 0.000813621634159068
0.10837200805505409 0.1061580320752383 0.10405401994443984 0.10205227017056286 0.10014576741361784 0.09832810932476743 0.09659344233094254 0.09493640514827396 0.09335207898780115 0.09183594356850727 0.09038383818051882 0.08899192714925236 0.08765666914267602 0.08637478984137352 0.08514325755699968 0.08395926144084964 0.08282019197218074 0.08172362345690283 0.0806672983023733 0.07964911286418423 0.07866710468677082 0.07771944098202739
0.028259916467565184 0.027227181585015893 0.026257212225744564 0.025345058745397865 0.024486240885897053 0.02367669651107035 0.02291273660341463 0.02219100568493977 0.021508446945608422 0.02086227146496026 0.020249930999091174 0.019669093878726545 0.0191176236267497 0.01859355995694434 0.01809510186132036 0.017620592532419706 0.01716850590044904 0.016737434593804973 0.016326079156256026 0.015933238375320704 0.015557800594738371 0.015198735899794077
0.418248366204632 3.6983570253733222 0.6262429039076476 0.0009802460422395735
0.10396414320294152 0.10177326187616197 0.09969217465123728 0.09771312839476959 0.09582906472484048 0.09403354577663912 0.09232068902377831 0.09068510993292582 0.08912187140785746 0.08762643912981427 0.08619464202862641 0.08482263722719337 0.08350687889370663 0.08224409051406945 0.08103124016347396 0.07986551841285505 0.07874431855446534 0.07766521887237261 0.07662596671934052 0.07562446419219698 0.07465875522418389 0.07372701393554007
0.02782106205457365 0.026743153987897655 0.025732253934189576 0.02478301467976522 0.02389059701201424 0.02305061471021291 0.02225908612489492 0.021512391492517033 0.02080723524946633 0.02014061270992387 0.019509780558207523 0.018912230680079488 0.018345666920920947 0.017807984413179528 0.017297251162386475 0.016811691621427646 0.016349672017577418 0.01590968722686864 0.015490349016357366 0.01509037549732861 0.01470858165197443 0.014343870812979796
0.14646091884851187 1.854597963572031 2.3053819294087847 0.0010680286514990706
0.10734377095597805 0.10509075021175103 0.10295116843271092 0.10091695377232289 0.09898076593908728 0.09713591678678865 0.0953763007986464 0.09369633409225711 0.09209090078008768 0.09055530569432625 0.08908523263098451 0.08767670739103567 0.08632606499999702 0.08502992057494214 0.08378514338210157 0.08258883369118353 0.081438302086116 0.08033105093758433 0.07926475778176575 0.07823726038306893 0.07724654328735481 0.07629072569675424
0.026604910931644712 0.025602689652025182 0.024662607909451215 0.02377966901738081 0.022949359577336924 0.022167595615583603 0.021430675438862012 0.02073523829059308 0.02007822802446718 0.01945686112653539 0.018868598513335985 0.018311120615159437 0.01778230532269603 0.017280208434028894 0.016803046288896346 0.016349180319737915 0.015917103285411918 0.015505426984593711 0.015112871272539238 0.014738254227803824 0.01438048333520901 0.014038547568327245
0.08986949726047389 0.922836982346114 3.668807901713226 0.0011110221512831725
0.1067190456654725 0.10457825707308624 0.10254495816335643 0.10061149381042721 0.09877090702626246 0.0970168622362416 0.09534357829171473 0.09374576983510877 0.09221859584907684 0.09075761440070117 0.08935874274145773 0.08801822204881286 0.08673258620025925 0.08549863405880809 0.08431340482329588 0.08317415605967572 0.08207834408267033 0.0810236064023366 0.080007745988544 0.07902871713916983 0.07808461276586381 0.0771736529352698
0.029131983083911312 0.02811166673344342 0.02715374042141918 0.026253186222598375 0.025405477044584648 0.024606520800986145 0.023852611744005204 0.023140387944140566 0.02246679405991421 0.021829048670269347 0.021224615550968422 0.020651178367576524 0.020106618334415127 0.019588994453649426 0.01909652600343182 0.018627576990415375 0.018180642321337048 0.017754335481879404 0.017347377539588336 0.01695858731202974 0.016586872562259956 0.016231222101603365
0.16481377018638843 1.996025761679861 1.935302204280302 0.0007755995820261978
0.1077294590684886 0.10553942354913994 0.10345794073068666 0.10147742520577532 0.09959096582836492 0.09779225397858389 0.0960755205804856 0.09443548068455261 0.09286728460243451 0.0913664747291924 0.08992894731294958 0.08855091853716186 0.08722889436990416 0.08595964371025183 0.08474017442619076 0.08356771193332811 0.08243968001049592 0.0813536835883978 0.0803074932817846 0.07929903146513688 0.07832635971720965 0.07738766748167385
0.02882813779475979 0.02777847920762014 0.026792407935306302 0.025864926102529166 0.02499150820264583 0.024168049678342993 0.023390821762477247 0.022656431744629602 0.021961787948792673 0.021304068809137603 0.020680695516961986 0.020089307785157638 0.019527742338904083 0.01899401379449702 0.01848629763368554 0.018002915019810523 0.017542319235408277 0.017103083549606986 0.016683890348304867 0.016283521381370836 0.015900848999453505 0.015534828268844354
0.21015425843051272 2.426447742241509 1.516586219742886 0.0009283356556956876
0.10770034242648223 0.10547343671374979 0.10335775048351889 0.10134544494156454 0.09942938433392921 0.09760306047872311 0.09586052658904883 0.09419633911427189 0.09260550651679259 0.09108344406099621 0.0896259338253395 0.08822908926180154 0.0868893237226946 0.0856033224559608 0.08436801763896785 0.08318056607942345 0.08203832926199926 0.08093885546194231 0.079879863683499 0.07885922921232297 0.07787497059797946 0.07692523790585833
0.02768381681244811 0.026659925665775155 0.025698784873676522 0.024795405246369372 0.023945274650988092 0.023144305474584927 0.02238878855776957 0.02167535272652402 0.02100092917649053 0.020362720071182307 0.019758170806309927 0.019184945469402744 0.01864090508933814 0.018124088326105806 0.01763269429865698 0.017165067289296395 0.016719683097833664 0.016295136848514958 0.015890132078355868 0.015503470957521305 0.01513404551138026 0.014780829730248867
0.2519255799504372 2.735288899336752 1.2175244292681555 0.0006006421647876844
0.10714759634604822 0.10493532495447423 0.10283351402006165 0.10083437955768823 0.09893083570240974 0.09711641975425628 0.095385226454994 0.09373185023131414 0.09215133432794707 0.09063912591292617 0.08919103637080694 0.08780320611231016 0.08647207332408445 0.08519434616295232 0.083966977967481 0.08278714511797265 0.08165222722563051 0.08055978937407655 0.0795075661727091 0.07849344741253098 0.07751546514184376 0.07657178200224748
0.027992413104950282 0.026959194714955684 0.02598924937409864 0.02507754811680185 0.024219542853436242 0.02341111339056932 0.022648520981612463 0.021928367526304823 0.02124755966575575 0.020603277128167962 0.019992944772133158 0.019414207852223794 0.018864910097738302 0.018343074251751367 0.01784688476562647 0.017374672385158337 0.016924900399608752 0.016496152354986242 0.016087121058757734 0.01569659872540614 0.015323468131399502 0.014966694664666998
0.13947654346903404 1.6675510515101384 2.420012161621578 0.0008513172232548067
0.10934926537062192 0.10711630188613329 0.104994474363217 0.10297597608536121 0.10105369863143326 0.09922115704275448 0.0974724241974484 0.09580207313019322 0.09420512622410983 0.092677010359836 0.09121351724004219 0.08981076821996528 0.08846518306946313 0.0871734521724941 0.08593251173816926 0.0847395216555798 0.08359184567408634 0.08248703363303092 0.08142280550101477 0.08039703701592055 0.07940774674352911 0.07845308439554774
0.027675121766464424 0.026663006150874528 0.025712507932139392 0.024818754973983243 0.02397733891904859 0.023184264281926485 0.022435903800021393 0.02172895919882884 0.021060426650896233 0.020427566311392375 0.019827875400952565 0.019259064380875986 0.018719035828975432 0.018205865678197746 0.017717786526029636 0.017253172761915507 0.01681052729347521 0.01638846968108509 0.01598572551510196 0.01560111689127493 0.015233553858218467 0.014882026726643162
0.08904892668800302 0.815856694554129 3.8308821686118053 0.0008786865021287961
0.10886091577039254 0.10669550465426497 0.10463879902108539 0.1026830534612569 0.1008212299281688 0.09904691981372254 0.0973542759458792 0.09573795309171296 0.09419305577141776 0.09271509237307725 0.09129993471158272 0.08994378230336718 0.08864313073607491 0.08739474360253212 0.08619562754437891 0.08504301001488257 0.08393431942475846 0.08286716738090322 0.08183933276713805 0.08084874744947645 0.07989348341698517 0.07897174119376674
0.028693620522157737 0.027703914772339123 0.026774616254453595 0.025900862093745442 0.025078266463146738 0.02430286608937196 0.023571072784385565 0.02287963200305682 0.022225586581981843 0.021606244943137346 0.021019153153701675 0.020462070323680446 0.01993294689888292 0.019429905470752188 0.018951223778559532 0.018495319625180435 0.018060737466436452 0.017646136466937537 0.017250279843426027 0.016872025340578634 0.01651031670471166 0.01616417603839264
0.17334409363904602 2.1430075508382713 1.9070728242763209 0.0007188771010063572
0.10726895141422223 0.10501962832614803 0.10288335791279374 0.10085211482651617 0.09891859890137092 0.09707615671795512 0.09531871289894629 0.09364070979169532 0.09203705439643471 0.0905030715681949 0.08903446266299543 0.08762726891887102 0.08627783896358873 0.08498279992660406 0.08373903170546212 0.08254364399858313 0.08139395576894011 0.08028747684798908 0.07922189142756669 0.0781950432203306 0.07720492209752841 0.07624965203715038
0.026820422154490556 0.02581139934453123 0.024864823189743958 0.02397568461204857 0.023139457504067804 0.022352045110038757 0.021609733063765298 0.020909148178637572 0.02024722221735842 0.019621159980929507 0.019028411151072303 0.018466645400413026 0.01793373035278467 0.017427712033836334 0.016946797501405254 0.0164893393871475 0.016053822116862255 0.015638849607722695 0.015243134267030804 0.014865487139804717 0.014504809072041151 0.01416008277333958
