0.0355989422199936 1.8371381726371272 10.024886740837033 0.00036241303114403387
0.06072034638151855 0.05882936947836245 0.05706184980827357 0.055406083688606146 0.053851802159838195 0.052389957954032326 0.05101254921426288 0.049712472804594086 0.048483401594049035 0.047319681279104596 0.04621624321937732 0.04516853046733783 0.04417243472442793 0.04322424238942954 0.04232058820766461 0.04145841530214497 0.04063494058570699 0.03984762472831538 0.039094145995211944 0.038372377386428826 0.03768036660183728 0.037016318432605694
0.011244158617673191 0.01066893757330722 0.010141436350738008 0.009656360374541255 0.009209143736476523 0.008795830546216733 0.008412978392456472 0.008057579313057629 0.0077269947226138395 0.007418901536752038 0.00713124733281057 0.006862212845391595 0.006610180448394466 0.0063737075486385505 0.006151504029351863 0.005942413048945313 0.005745394632305131 0.005559511596363628 0.005383917435040915 0.005217845855425434 0.005060601710832638 0.004911553119885813
0.23786743631072793 6.459177671701702 1.2790741981417963 0.0002635489123508456
0.05838684467283509 0.05641136996952723 0.05456668093875941 0.052840406610253784 0.05122166509459174 0.04970084952776778 0.0482694493359121 0.046919900306725874 0.04564545827125045 0.04444009222876981 0.043298393556214135 0.042215498582003755 0.04118702231114565 0.04020900149269957 0.039277845544752665 0.038390294112911595 0.037543380249277815 0.0367343983701966 0.0359608762907862 0.03522055074864697 0.03451134592317598 0.0338313545344855
0.009608595631237789 0.008998441621272408 0.008444255355401867 0.007939519121925675 0.007478618570983909 0.007056699468101312 0.006669549756073165 0.006313502035964834 0.005985352596522486 0.005682293913439712 0.005401858158928494 0.0051418697479816 0.004900405330907149 0.0046757599452128045 0.004466418281316871 0.004271030209369416 0.004088389869082394 0.003917417748945708 0.0037571452818044647 0.0036067015653747712 0.00346530188270851 0.0033322377518919376
0.043336271849303776 2.24888023560445 8.233631206782212 0.00023887522492483605
0.06302612662519384 0.06105628593138816 0.059213732534566584 0.05748657410913122 0.05586434959605497 0.05433782122762764 0.05289880157247499 0.051540008954877606 0.05025494599577064 0.04903779709824163 0.04788334153589154 0.04678687945569882 0.04574416862088769 0.0447513701258425 0.04380500163853521 0.04290189698460176 0.042039171095140965 0.04121418950828112 0.04042454175088744 0.039668018037925995 0.038942588818003734 0.0382463867684291
0.011378322535506122 0.010771613184399844 0.010215779206049363 0.009705192164206516 0.00923498772911636 0.008800943969288034 0.008399381691301248 0.008027082387321163 0.00768122032715449 0.007359306076990978 0.0070591392991225235 0.006778769128889644 0.006516460768551346 0.00627066720621679 0.006040005178969804 0.005823234666050092 0.005619241330397529 0.005427021432597626 0.005245668826082298 0.005074363710794382 0.004912362877859588 0.004758991222799124
0.026452553011165114 1.1559919367322071 13.07875197468177 0.00021617157260173784
0.057102808849936106 0.05536169879146639 0.05373555575032969 0.05221327874385649 0.050785161412079 0.049442678789594734 0.048178312088487926 0.04698540381952274 0.045858037296135364 0.044790935863550436 0.043779378184119914 0.042819126669155605 0.04190636673469503 0.041037655015958005 0.04020987503379305 0.039420199089296844 0.03866605538732444 0.037945099568848346 0.03725518997599758 0.03659436608968994 0.035960829673902135 0.035352928237316485
0.011623131112634608 0.011080311475440106 0.010581411164900934 0.010121564590146086 0.00969658622077675 0.009302856781524196 0.008937231418498712 0.008596965074108627 0.00827965144386969 0.007983172730784246 0.007705658043039198 0.007445448755872598 0.007201069519520358 0.006971203871609422 0.0067546736255545 0.006550421372045887 0.006357495560081746 0.006175037725733113 0.006002271517314297 0.005838493229668068 0.005683063611504673 0.005535400750932027
0.04843250434891311 2.8611381375408387 7.364344256985473 0.000546731066982957
0.060841108563352606 0.05887302546627887 0.057033820257458324 0.0553113311548635 0.05369486964842882 0.05217500565159487 0.05074338887619135 0.049392599560371134 0.04811602311672321 0.04690774437819949 0.04576245798299409 0.04467539211510694 0.04364224334904128 0.04265912076794844 0.04172249785946897 0.04082917096147129 0.039976223245325695 0.03916099339840334 0.03838104830875851 0.03763415917012148 0.03691828051962394 0.036231531798200954
0.010322794911140028 0.009735250334013684 0.009198662561338482 0.008707272167579766 0.00825611124499852 0.007840876659013727 0.007457826269993914 0.007103693511218236 0.006775616721626278 0.006471080403179192 0.006187866165861676 0.005924011582399827 0.005677775532064847 0.005447608892592422 0.005232129659326827 0.005030101744795661 0.004840416850336461 0.004662078911977615 0.004494190711534215 0.004335942315442849 0.004186601061810581 0.004045502863278732
0.029938884574604474 1.4282847874005262 11.67130454857687 0.0001914871292987665
0.05881847916847147 0.05701108515306181 0.055322303101187284 0.05374078404663516 0.05225658833286759 0.05086097302730058 0.04954621667349208 0.048305473962765105 0.047132654539888096 0.04602232139837023 0.044969605271192044 0.04397013215583284 0.04301996168189724 0.04211553447495399 0.041253627020652994 0.04043131281066121 0.03964592877292442 0.0388950461656983 0.038176445257221324 0.03748809322813205 0.03682812482740695 0.03619482538910067
0.011566284259790168 0.011004529207546148 0.01048866115874364 0.01001359885605776 0.009574965934014698 0.009168974402595773 0.008792330279731192 0.008442156655351484 0.008115930573540608 0.007811430943623033 0.0075266953114758416 0.007259983792983735 0.0070097488311650705 0.006774609715219807 0.006553331014131507 0.006344804244616845 0.006148032224367434 0.005962115665039772 0.005786241641610988 0.005619673640290204 0.005461742939781793 0.0053118411231135075
0.03628711206121005 1.7693265300357814 9.794954731063482 0.00047528460961369223
0.061910693010819674 0.060003738997842344 0.05822047655736665 0.05654925541681801 0.0549798445201531 0.05350322259553468 0.05211140463183762 0.05079729731067787 0.04955457793055381 0.048377592501701074 0.04726126957186143 0.046201047028355084 0.04519280965784293 0.04423283566705098 0.043317750701764815 0.04244448816737767 0.041610254867206736 0.04081250114613796 0.04004889486573044 0.03931729864950529 0.038615749929050654 0.03794244339692086
0.011674340385748444 0.011084416062250267 0.010543068634054917 0.010044943478786187 0.009585418360413227 0.009160484911324259 0.00876665205871533 0.008400866859333861 0.008060449234061169 0.007743037869859093 0.0074465451469543165 0.00716911940131684 0.006909113181138328 0.006665056426551747 0.00643563371304381 0.0062196648648785305 0.0060160883758462284 0.005823947178672889 0.005642376387457688 0.005470592704120246 0.005307885233539825 0.0051536074955608946
0.034815883260554514 1.8385779564279052 10.150615428091141 0.0003108891177996729
0.06006865164396765 0.058193926355905215 0.056441813948855925 0.05480066841156113 0.05326027429343087 0.05181163383742496 0.05044679091743517 0.04915868459270161 0.04794102664519775 0.046788198653416845 0.04569516507041121 0.04465739948297109 0.043670821782262885 0.04273174441096368 0.04183682619545473 0.04098303254467711 0.04016760101545911 0.039388011419438096 0.03864195978825743 0.03792733562857697 0.03724220199206012 0.03658477796215814
0.011229760778375389 0.01065403967081107 0.010126164395645251 0.009640816728566454 0.009193411776302032 0.008779978321678563 0.00839706151599579 0.008041643256951973 0.007711076656584311 0.007403031806345656 0.007115450655156921 0.006846509281199667 0.006594586195741267 0.00635823559403108 0.006136164683873932 0.005927214391419068 0.005730342876857749 0.005544611398264445 0.005369172145920432 0.005203257736824214 0.00504617211331932 0.00489728263362678
0.23666136511359548 6.2499674324813865 1.298515753769242 0.00017267007736544208
0.060108707454090804 0.05809987565299813 0.05622284149531218 0.05446525001122322 0.052816220225783 0.05126613513669541 0.04980646604117721 0.048429624933711654 0.047128839954670196 0.04589804985539139 0.04473181422150116 0.04362523681065247 0.04257389984959546 0.04157380752612297 0.04062133722511032 0.03971319731087528 0.0388463904630423 0.03801818173982803 0.03722607067885349 0.036467766857264196 0.03574116842486466 0.0350443431999196
0.00999550774045903 0.009369681641430526 0.008800566714678928 0.00828163582279612 0.007807256103897569 0.007372548778532727 0.00697327344566324 0.006605732189955493 0.006266689786184661 0.0059533070383319545 0.005663084880218304 0.00539381732846531 0.005143551745456103 0.004910555161330167 0.004693285636393642 0.004490367831363133 0.004300572102404056 0.004122796558593934 0.0039560516171756425 0.003799446671412133 0.003652178550663487 0.003513521505358195
0.037453754508881 2.3804156102047314 9.208659687984477 0.000283227991423669
0.05786406504100934 0.05600038347126591 0.05425973868855608 0.05263037707974801 0.051101991979378814 0.049665508509395516 0.04831290551487363 0.04703706738331512 0.04583166008517794 0.04469102696059748 0.043610100693191274 0.042584328623209905 0.041609609108372844 0.04068223707810531 0.03979885727293267 0.03895642393612367 0.03815216594492575 0.037383556545842585 0.03664828700152167 0.03594424357301735 0.03526948735597366 0.03462223656690659
0.010496020038176197 0.009919545036657323 0.009392522626989095 0.008909357156501055 0.008465230486005745 0.00805597508483561 0.007677970717327959 0.007328059837865003 0.007003477917518304 0.00670179576086334 0.006420871507244936 0.00615881049778303 0.0059139315649536645 0.0056847385930066585 0.005469896425006357 0.005268210370955033 0.005078608712556423 0.004900127712202539 0.004731898723171415 0.004573137069729788 0.004423132423621663 0.004281240450207573
0.040478163156656866 2.272180765870698 8.406540339959271 0.00024276265890611884
0.06089223331030325 0.058979645740222054 0.057191090012278525 0.05551493410523829 0.053940951404095834 0.05246011565930587 0.051064430616239456 0.04974678770690039 0.04850084658750471 0.04732093437811923 0.04620196029284401 0.04513934299897512 0.044128948554265066 0.04316703717500547 0.04225021740842911 0.04137540653924677 0.04053979626599889 0.0397408228490677 0.0389761410669526 0.03824360142719365 0.03754123016815745 0.03686721166170984
0.011563287832546032 0.010941945292374666 0.010372980722103223 0.009850572441862703 0.009369692511461948 0.00892597977947794 0.008515636025070942 0.008135340522075016 0.007782179387272017 0.007453586861026449 0.007147296271235696 0.006861298896584751 0.0065938093060536745 0.0063432360334512 0.006108156667035147 0.00588729660898324 0.005679510898128562 0.0054837685999699565 0.005299139356616493 0.005124781760715981 0.0049599332751707245 0.004803901467368473
0.03608793305364255 2.0819241818444936 9.716671552872215 0.00031630923419865794
0.05916107820818871 0.05728718335757496 0.05553635094186381 0.053896864072063795 0.05235844620665672 0.0509120469511119 0.04954966483502777 0.04826419986195699 0.04704933017981321 0.04589940840799185 0.044809374073129106 0.043774679316101565 0.04279122558798601 0.04185530948902902 0.0409635762496849 0.04011297962714543 0.03930074721015987 0.03852435030127013 0.03778147768802172 0.037070012730318166 0.0363880132853554 0.035733694068775454
0.010864890035363135 0.010289454176174632 0.0097625339221122 0.009278694309194722 0.008833252099740124 0.008422153161483398 0.008041872690787967 0.007689333532955388 0.007361838933297972 0.007057016867525538 0.006772773718948534 0.006507255543416996 0.006258815527453202 0.0060259865275497865 0.005807457798909805 0.005602055194723452 0.005408724253419743 0.005226515699490377 0.005054572969736724 0.004892121445924926 0.004738459130516654 0.0045929485472014624
0.03172626210075968 1.7315536798047684 10.715035833398927 0.00044274103477743074
0.05827072611308972 0.0564548083910163 0.054757997915529696 0.053168935087698065 0.051677662977652195 0.05027541732830932 0.04895445311588223 0.04770790047513639 0.0465296443639766 0.045414223536509445 0.044356745311428136 0.043352813332596406 0.0423984660717983 0.041490124257249725 0.04062454575353926 0.03979878669010159 0.03901016785192915 0.03825624551999748 0.03753478608901247 0.03684374390364476 0.0361812418468741 0.03554555428968674
0.011457680969293633 0.010875326341950124 0.010341311685755635 0.009850254116072878 0.009397516008681875 0.008979082698963555 0.00859146318272472 0.008231608982181445 0.007896847456444046 0.007584826673272082 0.0072934695921637 0.007020935791284741 0.0067655893408538155 0.006525971711453657 0.006300778827949065 0.006088841553501988 0.005889109024937495 0.0057006343689425315 0.005522562414696607 0.005354119087417479 0.005194602222683136 0.005043373586127558
0.03497929017211476 2.121363476914943 9.832590109693577 0.00021163336789146466
0.057991913051163066 0.056145573919357976 0.05442086820694956 0.05280617909763936 0.051291322145022675 0.04986733162319724 0.048526283869778905 0.047261150391836794 0.046065675068135976 0.04493427097585397 0.04386193328995819 0.042844165416797614 0.04187691608025086 0.04095652551609381 0.04007967927581008 0.039243368415690205 0.038444855066516896 0.037681642555417394 0.03695144939378925 0.036252186560666116 0.03558193760498823 0.0349389411672764
0.010811042668187585 0.010233938520612993 0.009705724773331863 0.009220903054417537 0.00877473803009445 0.00836313256347327 0.007982526198054625 0.007629812105123766 0.007302268744044307 0.006997503320530906 0.006713404762425534 0.0064481044173479996 0.00619994304962945 0.005967443002822872 0.0057492846192011855 0.00554428618413209 0.005351386802366154 0.005169631723594852 0.00499815972256607 0.004836192209487203 0.004683023803155764 0.004538014145126335
0.033157433308982465 1.8362105614004522 10.409682418868137 0.00042567414485676684
0.05870022836329999 0.05686135858377519 0.055143150061483376 0.05353410078976714 0.052024127095998525 0.05060435173025675 0.04926692875079081 0.04800489798805687 0.046812063436426035 0.04568289111901347 0.044612422891053764 0.04359620335967709 0.04263021765336243 0.0417108382101329 0.04083477909758032 0.03999905665096579 0.03920095543375476 0.03843799870002357 0.037707922679436075 0.03700865412001447 0.036338290617219264 0.035695083334183364
0.011235030357373003 0.010656859018868538 0.010126895043701638 0.009639761624468427 0.009190826069013657 0.008776077910529806 0.008392029878390274 0.008035636939205426 0.007704229718591182 0.007395459441567729 0.007107252156027909 0.00683777048154868 0.006585381492785564 0.006348629630394005 0.006126213753158864 0.005916967617814906 0.005719843209114337 0.005533896450454947 0.005358274911180176 0.005192207195331332 0.005034993751867125 0.004885998891008317
0.026981637755325583 0.9905935911904715 13.217190573648082 0.000454683183606642
0.05886874954629102 0.057101104539266964 0.055449710136647026 0.0539033739696264 0.052452307161345905 0.05108790998622475 0.0498025957113652 0.04858964491653092 0.047443084312723434 0.04635758538201136 0.045328379153828154 0.04435118419510723 0.043422145481157734 0.04253778227338228 0.0416949434899928 0.04089076933997641 0.04012265821608641 0.03938823802267332 0.03868534125870098 0.038011983292914456 0.03736634336270299 0.0367467479052658
0.011875572353750408 0.011340662505414805 0.01084846271510001 0.010394273846530801 0.009974051732244171 0.00958429761099184 0.009221969733914327 0.008884411545004441 0.008569292938758162 0.008274561911288626 0.007998404529249084 0.007739211599238581 0.00749555076854281 0.0072661430545528346 0.007049843005636465 0.006845621855688394 0.0066525531591592165 0.006469800491300044 0.0062966068758164425 0.006132285663737082 0.0059762126365799206 0.005827819146518164
0.038335712138858224 2.159912662875973 9.149020016312079 0.00047810849337832093
0.060268801666221505 0.05836613036651299 0.056587767009745354 0.05492194966947883 0.05335835200445909 0.05188787145180938 0.05050245367207451 0.04919494624682838 0.04795897612367339 0.04678884645023533 0.045679449325101026 0.04462619168327605 0.04362493207374196 0.04267192651210868 0.04176378192845572 0.04089741599906401 0.04007002236591286 0.039279040421067606 0.03852212897326341 0.03779714322794309 0.0371021146050596 0.03643523299526431
0.011056049498660202 0.010467258695981904 0.00992809617113964 0.009433020567317391 0.008977252514896455 0.00855665131723861 0.008167614390785033 0.0078069947821836835 0.007472033137427634 0.007160301294696833 0.006869655280024229 0.0065981959511353765 0.006344235894976037 0.006106271464404337 0.005882959058445176 0.005673094922679204 0.0054755978824980655 0.005289494530208541 0.0051139064734717875 0.004948039322029247 0.004791173145714161 0.004642654182175025
0.04790173200128334 2.8137666714450256 7.482523783789198 0.00022409264628342625
0.06095320674436196 0.05898394820136274 0.05714363941609994 0.05542010862220865 0.053802659360604146 0.052281855157741024 0.050849340544801724 0.04949769151675537 0.04822028997608852 0.04701121782253491 0.04586516721795803 0.044777364234259646 0.04374350362617841 0.042759692893369054 0.04182240413231325 0.04092843244747063 0.040074859907189384 0.03925902420445181 0.03847849132417682 0.03773103163425719 0.037014598912020184 0.03632731189548702
0.010312281541148572 0.009727715006962602 0.009193755388460925 0.008704687153743772 0.008255580321180386 0.007842164573718448 0.007460726213833246 0.007108023366217247 0.006781215842425681 0.006477806851017142 0.006195594328110581 0.00593263012064354 0.005687185610408354 0.005457722645286825 0.005242868863046653 0.005041396666187654 0.004852205243915161 0.004674305147200643 0.004506805011058798 0.004348900089238228 0.004199862324057639 0.004059031720895078
0.03631310044994718 2.212011903016336 9.717979782942038 0.00032366876721022617
0.05828654936039858 0.05641879315016608 0.05467439602878869 0.053041552934033565 0.05150991643500142 0.050070379110813884 0.048714893631509555 0.047436323170555156 0.046228316371962355 0.04508520231325741 0.04400190184365341 0.04297385240414547 0.041996944003953283 0.04106746447362038 0.04018205246738295 0.03933765696739726 0.03853150226612494 0.037761057582874395 0.037024010615564984 0.03631824444646083 0.03564181731652046 0.03499294486150864
0.010434759830298922 0.009872356446119638 0.009357821615927835 0.008885755502864724 0.008451509089297643 0.008051061186609828 0.007680918440920963 0.007338033540198016 0.007019737923269334 0.006723686116104864 0.0064478094466145835 0.006190277367492245 0.005949464984587383 0.00572392567321641 0.005512367886838623 0.005313635436555889 0.0051266906571018536 0.0049505999837590195 0.004784521551331042 0.004627694495739074 0.004479429694709144 0.004339101729225612
0.038339720307286385 2.266116297439393 9.177016380069901 0.0005999203181426328
0.05939647264805909 0.0575024352618059 0.05573278571968112 0.05407569829932322 0.05252079683303792 0.051058940006854264 0.04968204354026621 0.048382932101316264 0.04715521534208118 0.045993183613076555 0.044891719821215925 0.04384622460035094 0.042852552514514905 0.04190695744780407 0.041006045678320086 0.040146735407099565 0.039326221731901465 0.03854194623189378 0.037791570471733454 0.03707295284926596 0.03638412830551893 0.035723290493080144
0.010693150174862144 0.01011538291027964 0.009586715876332343 0.009101632201657535 0.00865537745140744 0.008243835717399972 0.00786342865940609 0.007511032762792211 0.007183911146748791 0.006879657065781401 0.006596146862846895 0.006331500604618766 0.006084048993721015 0.005852305435735515 0.005634942359871463 0.005430771065922874 0.00523872450743217 0.0050578425300517715 0.004887259171197812 0.004726191696991155 0.0045739311088451515 0.004429833897716706
0.03440440394296074 1.685368531319734 10.647658041710752 0.0004931585018408574
0.060807644044884306 0.05892004882396752 0.05715603477983245 0.05550383608738583 0.053953137387841826 0.05249485697745969 0.05112096768025688 0.04982434800278547 0.04859865777872317 0.04743823373907457 0.0463380013876654 0.045293400292239876 0.04430032047084667 0.04335504799977551 0.04245421832171875 0.04159477601257372 0.04077393998859941 0.03998917331484232 0.039238156920293976 0.03851876664241419 0.03782905311907545 0.0371672241240482
0.011043600565899113 0.01049057442523647 0.00998310430547285 0.00951614194478246 0.00908533611488976 0.008686918371459193 0.008317610286242162 0.007974547643161791 0.007655218123175429 0.007357409785201886 0.007079168242057305 0.006818760881011569 0.006574646824269874 0.006345451591645673 0.006129945635189589 0.005927026077822991 0.005735701115705184 0.005555076645093896 0.005384344754842409 0.00522277378997021 0.005069699743429181 0.004924518774938784
0.037594900143133714 2.3231398399117515 9.257450997835623 0.0003850466713778895
0.058407736111138926 0.05653371413493534 0.05478320691446905 0.0531444312277066 0.05160705291181931 0.05016197156415035 0.04880114233957692 0.047517427635409754 0.0463044730036332 0.04515660281665469 0.04406873212802867 0.04303629188056892 0.042055165170067126 0.04112163271003669 0.04023232598884207 0.03938418688585001 0.03857443273347074 0.03780052598906123 0.0370601478237922 0.036351175051801334 0.03567165991775645 0.03501981233861951
0.01055497507846861 0.009979554772621168 0.009453302231939862 0.00897066867821499 0.00852687503962391 0.008117786443773744 0.00773981003030797 0.007389811257511115 0.007065044970249798 0.006763098322245742 0.00648184327388599 0.006219396868033141 0.005974087857409812 0.005744428545119614 0.005529090924710314 0.005326886382755918 0.005136748366375949 0.004957717528824505 0.004788928954643226 0.00462960113674542 0.004479026434917316 0.00433656279146781
0.029589967473173218 1.563299246075935 12.03150518896293 0.0003657929781490517
0.05725427093057272 0.055460590525471885 0.05378580528688991 0.05221843005174711 0.05074841868059994 0.04936694513569287 0.04806622332998192 0.046839357980289764 0.045680220421688435 0.044583344646719945 0.0435438398310839 0.04255731637554026 0.041619823089181926 0.040727793603912925 0.03987800047497358 0.03906751571083728 0.03829367670515107 0.0375540567267501 0.03684643927115255 0.03616879569600429 0.03551926565960507 0.03489613996048819
0.01075624591843431 0.01022137261455571 0.009730707565741148 0.009279310290458134 0.008862931154633553 0.008477896298279575 0.00812101461062544 0.007789502017941475 0.007480919466538238 0.007193121815730073 0.006924215480154793 0.006672523133299764 0.006436554144177478 0.006214979695541799 0.006006611745745757 0.005810385162650874 0.005625342488244094 0.005450620895242648 0.005285440978299424 0.0051290970872383355 0.0049809489616810835 0.00484041446824751
0.04966206221123082 3.3086825242138254 6.934361661815066 0.00023649415502419855
0.05781670142500941 0.055899612382466435 0.0541096400791202 0.052434659526079015 0.050864027589368324 0.04938836532156197 0.04799937721087611 0.04668970031144706 0.045452777696592915 0.04428275181766776 0.04317437423732146 0.04212292889865768 0.04112416663642058 0.040174249067014715 0.03926970033657698 0.038407365479992954 0.03758437436358071 0.03679811036159786 0.03604618306060975 0.035326404402947036 0.03463676777634449 0.03397542963559371
0.009787338061006897 0.009206086073767801 0.008676551642324969 0.008192778474009633 0.007749640117076784 0.007342705788698078 0.00696813067660087 0.006622565780052001 0.006303083438661823 0.006007115524748892 0.005732401910978705 0.005476947316832615 0.005238985020037401 0.005016946218325155 0.004809434062207253 0.004615201565449875 0.004433132747699208 0.004262226481650338 0.004101582611738331 0.003950389987520017 0.003807916116553012 0.0036734981916521125
0.24950815972773388 6.474120261773852 1.2582547057217743 0.00045525750721928885
0.05954644534220125 0.05753286344520825 0.05565253536825807 0.05389286181366957 0.0522427594405329 0.05069244303233915 0.049233243593753015 0.0478574557533995 0.0465582091882558 0.04532935983144812 0.04416539744728818 0.04306136680665623 0.042012800211252796 0.04101565952639922 0.040066286211607766 0.03916135810347853 0.03829785192006521 0.037473010630136645 0.03668431497290025 0.03592945853013965 0.03520632584838883 0.03451297318769809
0.009352607993302203 0.008759112933264606 0.008220026119467795 0.007729014931079773 0.0072806239884205945 0.006870136120624025 0.0064934578846327935 0.006147024894905787 0.005827723210299875 0.005532823792388898 0.005259927649539914 0.00500691975219201 0.004771930176340996 0.004553301226548922 0.0043495595239212825 0.00415939223150974 0.003981626739585972 0.0038152132539965473 0.003659209828415222 0.003512769460491786 0.003375128936365915 0.0032455991606890134
0.03009687864417654 1.59884938460744 11.653862820262937 0.00021290289959402078
0.057587482179700715 0.05578788210309131 0.05410716883114982 0.05253390285849848 0.05105807177700247 0.049670874180866006 0.04836454165322688 0.04713219124482354 0.04596770253089207 0.044865614604538584 0.043821039338133916 0.042829587994495814 0.04188730885197445 0.04099063396264172 0.04013633352068543 0.039321476601304084 0.03854339725577745 0.03779966512875661 0.03708805990892354 0.03640654904150752 0.035753268226480096 0.03512650430407352
0.010999919273722174 0.010450254102682037 0.009946052617244386 0.009482240385347942 0.009054450502269298 0.008658906233706399 0.008292326028069385 0.007951846121822759 0.007634957082221667 0.00733945146770999 0.007063380414935669 0.006805017437841053 0.006562828088131021 0.0063354444062239 0.006121643308429897 0.005920328224932868 0.005730513435546633 0.005551310654661423 0.005381917499662917 0.005221607543214356 0.005069721702808282 0.00492566076372573
0.041154345770480494 2.212437228159967 8.591749032708519 0.0002731278310772844
0.06186016281550775 0.059918993350696975 0.058103812648327 0.05640278980175573 0.054805525827459206 0.05330284431538159 0.051886617563159924 0.050549621413338054 0.04928541344469796 0.048088230271636376 0.04695290056053222 0.04587477103924776 0.044849643299760975 0.043873719607672744 0.042943556260960296 0.04205602330279151 0.041208269603886384 0.040397692499872496 0.0396219113068493 0.03887874415056487 0.0381661876363681 0.0374823989624654
0.01127255081519201 0.010671696319112424 0.010121336506896166 0.009615863738935958 0.009150435658904658 0.008720852507420298 0.008323456827731406 0.007955051016282381 0.007612829180660145 0.007294320535239671 0.006997342152652167 0.006719959342090983 0.006460452276574776 0.006217287765106812 0.005989095280443415 0.005774646522578934 0.005572837932370069 0.005382675676770293 0.005203262712883175 0.005033787607040693 0.004873514840892742 0.004721776381788052
0.03463398461789158 1.8144094876444394 10.114253180862026 0.00032951857926822085
0.060143990288267314 0.05827284731760339 0.05652387612089397 0.05488549121181346 0.05334752810705821 0.051901032178481174 0.050538083963081015 0.049251653820508445 0.04803548036246893 0.046883968252086766 0.04579210187542124 0.044755372088627315 0.043769713791834294 0.04283145251106955 0.041937258509657606 0.041084107220917404 0.040269245010131426 0.0394901594474647 0.03874455341380348 0.03803032247534266 0.037345535055578895 0.03668841500938818
0.011406341817857074 0.01082349335816727 0.010288993904751968 0.009797477660572056 0.009344317647829049 0.008925505331491732 0.008537552691277456 0.00817741206658339 0.007842410166470035 0.007530193440949031 0.00723868261999652 0.006966034692973484 0.006710610959851255 0.006470950063423711 0.0062457451281480985 0.006033824300949697 0.00583413412312614 0.005645725268574193 0.005467740268125171 0.005299402907527583 0.0051400090411670004 0.004988918607743839
0.029227173961112185 1.3638387304305841 11.838913386343075 0.0002463791588761372
0.05863631731210208 0.05684221542598843 0.05516578370714277 0.053595763658584636 0.052122295535637055 0.05073670716795409 0.049431339914807575 0.048199404365959424 0.04703486002915183 0.045932314482230535 0.04488693841472662 0.04389439371379014 0.04295077231628383 0.04205254399202102 0.0411965115717904 0.040379772409780766 0.039599685089725764 0.03885384055996897 0.03814003702419906 0.03745625802909198 0.03680065328315208 0.036171521817028894
0.011741895827118033 0.011176800200964449 0.0106577261734448 0.010179583382989604 0.009737987674940657 0.009329144271110106 0.008949753176058403 0.008596932076864976 0.008268153104955002 0.007961190658243146 0.007674078106038961 0.007405071672369794 0.007152620154791817 0.006915339413751041 0.006691990782833929 0.0064814627180458835 0.006282755135862505 0.006094965993636268 0.005917279748338565 0.005748957395359608 0.005589327841818836 0.005437780411345153
0.042061573305865796 2.522069193126183 8.382467988999743 0.0003516149771186326
0.05988312813376009 0.057960196566512696 0.05616341019540771 0.054480813989754316 0.05290191088069164 0.051417447264815425 0.05001923505679849 0.04870000327459578 0.04745327362856269 0.04627325573028283 0.045154758423295846 0.04409311442889123 0.04308411604212445 0.042123960040869664 0.04120920031008609 0.040336706954241575 0.03950363088800253 0.03870737307034215 0.03794555768899197 0.037216008717513245 0.03651672936153698 0.035845883988090584
0.010547449123666517 0.009963377470796387 0.009429419859243194 0.008939928737703154 0.008490035306911345 0.008075523758237106 0.007692728587261581 0.00733845027752034 0.007009885697745059 0.00670457035228479 0.006420330233481958 0.006155241493662008 0.005907596517591282 0.0056758752592742405 0.005458720928770902 0.00525491928952119 0.005063380965161349 0.004883126265114482 0.004713272126510106 0.004553020840970636 0.004401650292144651 0.004258505476393607
0.027674074645537727 1.4531412759125228 12.887125915367934 0.00033391275909816417
0.05600964248779189 0.05425268751112098 0.05261283479397336 0.05107869422141664 0.049640314285324845 0.048288961268832795 0.04701693791362064 0.04581743358021595 0.04468439970369904 0.04361244570069658 0.04259675151412619 0.04163299377295187 0.040717283155496366 0.03984611102069623 0.039016303744554996 0.038224983493089754 0.03746953439633978 0.03674757327413666 0.03605692421366649 0.035395596419290055 0.03476176485270213 0.03415375326101192
0.010566315505565953 0.010047934665147161 0.009572286841002291 0.009134587991435482 0.008730726494163735 0.00835715027849718 0.00801077579100116 0.007688914053457472 0.007389210205003588 0.007109593759887569 0.00684823743976643 0.006603522912356171 0.006374012127430238 0.006158423216057567 0.005955610130872515 0.005764545369638318 0.005584305252860811 0.005414057327230034 0.005253049546565978 0.005100600945500385 0.004956093571960165 0.00481896548538973
0.0380619342254378 2.11225137953331 9.494430380273414 0.0002984686545740338
0.060380206137456524 0.058468881166975135 0.05668287645663487 0.05501028435232331 0.05344065746423369 0.05196479210055219 0.050574548974077795 0.049262703942977965 0.048022823101626186 0.046849157728476684 0.04573655551681102 0.04468038522794403 0.04367647246449249 0.042721044700280264 0.0418106840508154 0.040942286544710355 0.040113026877594375 0.03932032780795284 0.03856183349810735 0.03783538622031462 0.037139005943217424 0.03647087239193547
0.010684738240455368 0.010118825000537054 0.009600570029625147 0.009124643652386194 0.008686451731111497 0.008282015998017233 0.007907876615665083 0.007561012361572281 0.007238774877456106 0.0069388342120619275 0.006659133486119149 0.006397850967063575 0.006153368195015988 0.005924243075982675 0.0057091870724563345 0.005507045789762819 0.0053167823892664645 0.005137463364937088 0.004968246303878333 0.004808369318859846 0.004657141895244308 0.0045139369387006325
0.03663335633087095 2.086613590947881 9.62532833424123 0.000372204242624944
0.05954471811555229 0.05766071472856732 0.05590030496944528 0.05425173560040021 0.05270469629212193 0.051250105346585126 0.04987993235507138 0.04858705060610357 0.04736511360405205 0.04620845124282787 0.04511198209179574 0.044071138959640904 0.04308180545566076 0.04214026170336424 0.04124313770567411 0.040387373135009154 0.039570182540666084 0.03878902514211067 0.03804157851915575 0.03732571562558607 0.03663948464706145 0.03598109130135455
0.010873167405550659 0.010297616804547955 0.009770553128384518 0.009286550083572362 0.008840930996468717 0.0084296467067978 0.008049176173800207 0.007696445083435221 0.007368758815675364 0.007063746938760833 0.006779317011233935 0.0065136159424242735 0.00626499752403023 0.00603199502610067 0.005813297969673113 0.00560773236015096 0.005414243801113757 0.0052318830158695605 0.005059793389906183 0.0048972002162270475 0.004743401381009643 0.0045977592719081695
0.035991541517437 1.9423088333422864 9.684965782128943 0.0007520685219114281
0.06024656972086373 0.058364064585305346 0.05660436716801756 0.05495585517453871 0.05340832743840976 0.05195279358614193 0.050581299852705354 0.049286784033117995 0.048062954061413844 0.046904185861816876 0.04580543700702527 0.04476217340996929 0.04377030681606398 0.04282614128835558 0.04192632721461276 0.04106782163337128 0.04024785389036951 0.03946389580929911 0.038713635700237246 0.03799495564238446 0.03730591157015255 0.03664471576738246
0.01136621681673861 0.010776161329001391 0.010235324299847056 0.009738235436668302 0.009280176444519502 0.008857058976374524 0.008465325219786034 0.00810186643605769 0.0077639558298203595 0.0074491929286847865 0.007155457262440074 0.006880869598253551 0.006623759348324581 0.006382637045736874 0.006156171002263919 0.005943167433060751 0.005742553468344838 0.005553362579485708 0.005374722032572926 0.005205842051233574 0.005046006425844123 0.004894564351120711
0.0389222626343525 2.2254825664082154 8.842208796804291 0.00039792721102548985
0.060179347039223514 0.05828012808904479 0.056504723395025734 0.05484145092877703 0.0532800496034256 0.05181147045230307 0.05042770339297148 0.04912163273822441 0.047886916068212444 0.04671788219443564 0.04560944481062492 0.04455702909891104 0.043556509087619946 0.04260415397344075 0.04169658195103163 0.04083072035660816 0.04000377114332375 0.039213180876509386 0.03845661457471441 0.03773193283465574 0.03703717176984376 0.036370525367876765
0.01125256955178231 0.01064913664481165 0.01009666211842045 0.009589459112234477 0.009122620812126541 0.008691894725157634 0.008293580032189824 0.007924443303349555 0.007581648915120472 0.007262701307384717 0.006965396829612671 0.0066877833952052445 0.006428126526586017 0.006184880656748088 0.005956664774690586 0.005742241676818631 0.005540500224675637 0.0053504401194635716 0.005171158791879272 0.005001840076595886 0.004841744397900106 0.004690200239384668
0.03188357038897949 1.7700879275453978 10.998834825008126 0.0002451873324823563
0.05799219772587274 0.05616867211545575 0.054465447327824025 0.05287098243401484 0.05137516988169092 0.04996911965365022 0.048644981220361705 0.04739579580713883 0.04621537313552163 0.0450981880458082 0.044039293364253516 0.043034246117343924 0.04207904477024313 0.0411700756164142 0.040304066799856646 0.039478048732284915 0.03868931989144797 0.037935417166193496 0.03721409005839746 0.03652327816887406 0.035861091489545596 0.035225793101913816
0.01090694934941413 0.010349470525545282 0.009838453771114121 0.009368702770493292 0.00893574421041705 0.008535708459296323 0.008165232830341318 0.00782138264678037 0.007501586438897432 0.007203582434556597 0.006925374132510778 0.0066651932248452585 0.0064214685001268606 0.006192799640365939 0.005977935043364514 0.005775752972625589 0.005585245471033516 0.005405504580435439 0.005235710493424665 0.005075121330872868 0.004923064292758656 0.004778927973418211
0.04909354992230375 2.811364299468629 7.052379357458781 0.00035853565582305715
0.061536695087750004 0.059568891720207386 0.05772886368409216 0.05600465812417809 0.0543857573385162 0.05286287137566492 0.05142776527731792 0.0500731144574165 0.04879238305747875 0.04757972116282906 0.046429877579154274 0.04533812550788731 0.04430019896310503 0.04331223817260112 0.04237074252478574 0.0414725298787733 0.04061470126100194 0.03979461013844384 0.039009835594005955 0.03825815884040077 0.037537542599523056 0.036846112949088815
0.010989091910417621 0.010369191311006814 0.009802618702928404 0.00928339911077314 0.008806370908422366 0.008367056919069889 0.007961558614167823 0.007586468828765289 0.007238799401209584 0.006915920905303735 0.006615512229852096 0.00633551821621252 0.006074113920305534 0.005829674344894934 0.005600748708430022 0.0053860384916196696 0.005184378642297983 0.004994721430765864 0.004816122537588821 0.004647729028384238 0.004488768929000423 0.004338542162451048
0.24159556196912457 6.305706316062383 1.3106447763421556 0.00020206607939883978
0.06051403007123402 0.05848237993017 0.05658446966577476 0.05480772055209498 0.053141059475112024 0.05157470370655971 0.05009998099276149 0.04870917848258563 0.047395415320680034 0.04615253475122225 0.044975012379265183 0.04385787787092896 0.04279664787775745 0.041787268373145676 0.04082606491178861 0.03990969958348833 0.039035133643458904 0.038199594972647764 0.03740054966149586 0.03663567712521551 0.03590284825299438 0.035200106171425445
0.00958169115199453 0.00897865113254078 0.008430502308155917 0.007930899655177678 0.007474371177820198 0.007056180468584831 0.006672213377422231 0.00631888416531135 0.005993057474431779 0.005691983192525283 0.005413241872660106 0.005154698828621723 0.00491446538875688 0.0046908660787764395 0.004482410733215603 0.004287770718593706 0.00410575859856538 0.003935310690073884 0.003775472055594843 0.003625383554597528 0.003484270640964566 0.0033514336451459853
0.032217000088959225 1.5472255222755298 10.632602294864947 0.00025753086461645564
0.06024528680859035 0.058404466764608094 0.056683322836431745 0.055070531737823405 0.053556158657127984 0.05213145067530046 0.05078866593982157 0.04952093159861542 0.048322125013821486 0.047186773932942 0.04610997218562208 0.04508730816448803 0.04411480388682238 0.04318886285647915 0.04230622527923707 0.04146392944996706 0.04065927834182908 0.039889810597842176 0.03915327526250363 0.038447609702526045 0.037770920256541586 0.037121465227932936
0.012078099232385859 0.011483144506031344 0.010936833099915704 0.01043380514105405 0.009969437169335089 0.009539722012118381 0.009141171133070796 0.00877073475350104 0.008425736123587553 0.008103817132246173 0.007802893058978895 0.007521114739955359 0.007256836780815629 0.007008590727273467 0.0067750623214240975 0.0065550721414485615 0.006347559056144604 0.006151566031651376 0.005966227912106759 0.0057907608635219335 0.005624453224504419 0.00546665755139753
0.04925468202854022 3.066578499918569 7.021984778553217 0.00035259596431014983
0.05952010393846137 0.05757837387704475 0.05576418632765336 0.054065481016162154 0.0524716600761139 0.05097337477054831 0.049562348147525144 0.048231226823017205 0.04697345650623931 0.04578317698134763 0.04465513311441659 0.04358459912387777 0.042567313879609166 0.04159942541316684 0.04067744315388269 0.039798196671424375 0.03895879991924209 0.03815662014612018 0.03738925078333099 0.03665448772927011 0.03595030854711842 0.03527485416809027
0.01030902476206388 0.009711084465933382 0.009165524584127917 0.008666388254423125 0.008208539830448723 0.007787533288713241 0.007399504452514825 0.007041082264148537 0.006709315376573798 0.006401611131570207 0.006115684604330683 0.0058495158692659175 0.005601314011739491 0.005369486700274454 0.005152614362030397 0.0049494281850453676 0.004758791314487832 0.004579682725070173 0.004411183344047943 0.004252464073655626 0.00410277542211936 0.00396143850142701
0.23629607166659217 6.279028096599596 1.3218897507786567 0.00038110695815941724
0.060144925747296 0.058127576860347106 0.056242934309528876 0.054478525213740636 0.052823368613385754 0.05126776234649921 0.049803104871038895 0.04842174562949014 0.047116858838615876 0.04588233659441619 0.044712697975033557 0.04360301145136709 0.04254882841363122 0.04154612602027626 0.040591257895244925 0.0396809114571515 0.03881207087255476 0.03798198479509446 0.03718813819072809 0.03642822766279669 0.035700139784031394 0.0350019320197293
0.009745690300023497 0.009132977881340662 0.008575985866044213 0.008068279128237368 0.007604307185635106 0.0071792650537113286 0.006788978486477157 0.0064298089303623015 0.0060985744835079445 0.0057924839056542185 0.005509081313400833 0.005246199659436822 0.005001921460816519 0.00477454553217513 0.004562558711516601 0.004364611751622803 0.004179498699074705 0.00400613920298082 0.003843563292723416 0.003690898243008974 0.003547357208897062 0.0034122293661578273
0.036227351431242116 2.108193156323472 9.538460761205322 0.00032328184678762545
0.059090723265387404 0.05722110944793692 0.05547407149968123 0.05383796220995909 0.05230256288880157 0.05085887145836659 0.04949892702747791 0.04821566386102487 0.04700278917909739 0.04585468038733046 0.044766298239845466 0.043733113135102544 0.042751042291339025 0.041816395978021934 0.040925831319777804 0.040076312459842785 0.039265076086550686 0.038489601500467784 0.037747584540484394 0.037036914801430405 0.03635565566898921 0.03570202677405337
0.011033010926358961 0.010446887844184245 0.009910211522430169 0.00941744620354134 0.008963820511414759 0.008545203081180803 0.008158001285358936 0.007799078274521363 0.007465684634843009 0.007155401783636093 0.006866094846627336 0.0065958732375565755 0.006343057528239599 0.006106151482388201 0.005883818349051336 0.005674860686290385 0.005478203123680311 0.005292877581766584 0.005118010554022106 0.004952812126957428 0.004796566470538879 0.004648623576815206
0.04236165456175911 2.66710034070312 8.302965128110817 0.00040008149258722095
0.058911888245957854 0.05700040513497104 0.05521496854424984 0.0535435781765536 0.05197570290663092 0.050502063916344216 0.04911445488985031 0.047805592135854696 0.04656898901997577 0.04539885025571917 0.04428998250465176 0.04323771843915121 0.042237851972038894 0.04128658279187517 0.040380468687277044 0.03951638441840312 0.038691486114028145 0.03790318035009182 0.03714909720927135 0.03642706673796278 0.03573509831249857 0.03507136250472379
0.01022639944988345 0.009650543724103632 0.009124576956970188 0.008642836836962224 0.00820044598385265 0.0077931846839855235 0.007417387048420509 0.007069855806215522 0.006747792014053513 0.006448736775045597 0.006170522679950174 0.005911233161364117 0.005669168320963753 0.005442816077663988 0.0052308277099972975 0.005031997043584969 0.004845242675191849 0.004669592736786471 0.0045041717925654 0.004348189533866141 0.004200930995000966 0.004061748060170561
0.05052853138967006 3.0470344286869944 7.055432107343595 0.0002794702860779999
0.06039153128477091 0.05842211271767748 0.056582052981546796 0.05485911923164443 0.0532425621783361 0.05172289967718844 0.0502917367905346 0.04894161541007389 0.04766588797372924 0.046458610925940814 0.04531445443874466 0.0442286255905302 0.043196802734405765 0.042215079211733626 0.04127991490363532 0.04038809438313193 0.03953669064760512 0.038723033586630304 0.037944682482589094 0.037199401957540505 0.03648514087487398 0.035800013782410225
0.01008313359810086 0.009499762319740226 0.008967430622751096 0.008480337949554181 0.008033483277381799 0.007622536969638556 0.007243735833332904 0.00689379673272017 0.006569845124095658 0.006269355653198616 0.005990102554539095 0.005730118054985534 0.0054876573446133465 0.005261168960298259 0.005049269649970038 0.0048507229614908375 0.004664420940151697 0.0044893684306940565 0.0043246695696193115 0.004169516126017252 0.004023177407840225 0.0038849914982886005
0.033761435362105296 2.0304225421740707 10.439271136170882 0.00022209543871196688
0.05762135190431931 0.05578225475949703 0.054064901809888176 0.052457596368729466 0.05095009393174383 0.04953338390433456 0.04819950943753426 0.046941417858816836 0.04575283582339617 0.04462816456125669 0.043562391554754165 0.04255101572375699 0.041589983773150534 0.04067563581038336 0.03980465869782069 0.038974045887906476 0.03818106271505422 0.037423216299361024 0.036698229363278254 0.03600401738066671 0.03533866857394094 0.034700426353716306
0.010471630969349714 0.009917907865532495 0.009411002671992618 0.00894564084190149 0.008517283360353614 0.00812200551572864 0.007756398532245701 0.007417489247981236 0.007102674135259695 0.006809664794997016 0.006536442687530418 0.0062812213429382134 0.006042414662315134 0.00581861020594789 0.005608546585400483 0.005411094249375179 0.005225239089182541 0.005050068397217442 0.0048847587973981045 0.004728565834941427 0.004580814967831671 0.004440893746742406
0.03615794265928296 2.0395117380553516 9.762226164212517 0.000309782167307729
0.059544562971699556 0.057663990244827296 0.05590678426785319 0.054261209027460885 0.052716970360938545 0.05126500161551142 0.04989728630041864 0.04860671052488472 0.047386939568276144 0.046232314117202716 0.045137762620309003 0.044098726922334706 0.04311109889427101 0.04217116621288363 0.04127556578797391 0.040421243610198825 0.039605420011714604 0.03882555950829766 0.03807934453408476 0.037364652495730545 0.036679535667088196 0.03602220352275989
0.010905561116887702 0.01033148156627339 0.009805659602333401 0.009322699094417825 0.008877949506922977 0.008467384332207022 0.008087502169781368 0.007735245745150655 0.007407935233438489 0.007103213061029548 0.006818997972189177 0.006553446617003047 0.006304921278380121 0.0060719626359233446 0.005853266682849913 0.005647665083439241 0.005454108393622879 0.005271651674526988 0.005099442114261378 0.004936708341763756 0.004782751171690536 0.004636935563999047
0.2392379531343105 5.863961224334858 1.2826310984382265 0.000491950370036077
0.0634651640133807 0.061404831463252325 0.05947690493845709 0.0576692260782299 0.05597105783975665 0.05437288603117236 0.0528662526540674 0.051443615358525895 0.05009822843224548 0.04882404162647538 0.04761561381919299 0.046468039071005 0.04537688307293801 0.04433812834154254 0.0433481268040607 0.04240355864913034 0.04150139650777636 0.04063887418400038 0.03981345928098297 0.03902282917316977 0.038264849860615194 0.03753755731331576
0.01105961475402379 0.010389692840893328 0.009778798441269533 0.009220318570869432 0.00870852265289854 0.008238427747832582 0.00780568672383173 0.0074064950970461505 0.007037513128549835 0.006695800438410774 0.0063787609291147416 0.0060840962319303514 0.005809766225106067 0.005553955440676899 0.005315044391522089 0.005091585023308643 0.004882279635756721 0.004685962731050174 0.0045015853395052865 0.004328201447987102 0.004164956218332387 0.004011075733823194
0.04373999994472422 2.5630514721090725 8.212502796905467 0.0002916469200877001
0.06060382334135243 0.05865692849136544 0.05683765608040251 0.055133924702057434 0.053535124130342525 0.052031899269419514 0.050615970840641594 0.04927998577061758 0.048017391732230644 0.04682233143629655 0.04568955315959302 0.04461433468773108 0.04359241839505556 0.04261995561303541 0.04169345877943567 0.04080976013263826 0.03996597593379664 0.039159475375559284 0.038387853478743295 0.037648907394445714 0.03694061562400257 0.03626111974713591
0.01040564657380824 0.009828144707471006 0.009300213646781996 0.00881626962343937 0.008371497927347296 0.007961728928216073 0.0075833367943618545 0.007233156292976653 0.006908414081450916 0.006606671679101951 0.006325777905626946 0.006063829032537098 0.005819135250375218 0.005590192332555344 0.005375657594715195 0.005174329420422973 0.00498512976039403 0.004807089120987147 0.0046393336447185215 0.004481073955496813 0.004331595497825723 0.004190250145116548
0.04957237266010617 2.930047819577101 6.885860315012904 0.00041748899136967465
0.06073924339627875 0.05878558112711527 0.05695908041532942 0.0552478239995287 0.05364132727027788 0.05213033107893663 0.05070662916703159 0.04936292371220454 0.04809270383394916 0.04689014294633118 0.04575001165898636 0.04466760356633738 0.04363867176886166 0.04265937437001426 0.04172622751125595 0.04083606476323704 0.03998600189709128 0.039173406226442054 0.038395869846212044 0.03765118620496177 0.036937329538199955 0.03625243676479361
0.010913683285165295 0.010290988094610142 0.009722193527213178 0.009201236010722714 0.008722879364999284 0.00828258353089214 0.007876396825894413 0.007500867061979039 0.007152967868125323 0.006830037333260815 0.006529726682527294 0.00624995716366703 0.005988883682675807 0.005744864012429269 0.00551643262261949 0.005302278357549864 0.005101225330404978 0.004912216516397253 0.004734299618735879 0.004566614855333912 0.004408384374191523 0.004258903054295112
0.03621588874701265 1.9196687340754923 9.792438245466085 0.00025951669023545457
0.06057049042483503 0.05867749740865701 0.05690810107977603 0.055250591852234056 0.0536946937689036 0.05223135201178548 0.05085255699014567 0.04955119789738248 0.04832094015618968 0.04715612234208822 0.0460516690780991 0.045003017094265185 0.04400605219355325 0.04305705529650179 0.042152656077824084 0.04128979297936794 0.04046567860077769 0.03967776964366085 0.038923740726051426 0.03820146149844829 0.037508976586099675 0.036844487958726246
0.011212084143073887 0.010632178831181562 0.010100585108569394 0.009611934111583667 0.009161595618299432 0.008745557985921321 0.008360330401025384 0.008002862814755445 0.007670479986896601 0.0073608268562970714 0.007071823058146351 0.006801624870071738 0.006548593224492821 0.006311266700276027 0.0060883386217283 0.005878637561685444 0.005681110678605067 0.005494809423239279 0.005318877234755828 0.005152538913761502 0.004995091414134623 0.004845895839651228
0.052769900850932916 3.087908026224347 6.5687844612787485 0.00024161588485433464
0.0610277761848984 0.059053773413004905 0.05720845851960743 0.05547976261184696 0.05385706743331394 0.05233099577068438 0.05089323682582412 0.04953639999894022 0.048253891882348944 0.047039812314640835 0.045888866164653104 0.04479628815811843 0.04375777856789269 0.04276944799196768 0.041827769765314694 0.04092953880973737 0.040071835933946254 0.03925199676451262 0.038467584625356877 0.037716366795331975 0.03699629366524904 0.03630548039127863
0.010632748509961864 0.010018768008287557 0.00945825124221647 0.008945164045626891 0.008474296588702435 0.008041132665461904 0.00764174236236073 0.007272693486294425 0.006930978124321902 0.006613951471604053 0.006319280654990663 0.006044901739245754 0.005788983462240769 0.005549896527906087 0.005326187508894614 0.0051165565880946055 0.004919838509475545 0.004734986222027949 0.0045610567917428796 0.0043971992302933305 0.004242643948921224 0.0040966935948065705
0.24620366227145563 6.222694805561397 1.2338768916756557 0.00042699007601378606
0.06074015176224735 0.05872400711667975 0.056839490280601215 0.05507432251211857 0.05341768291632505 0.051860001716247106 0.05039278717272363 0.04900848003252328 0.04770033060467708 0.046462294522538625 0.045288944004131054 0.044175392021717066 0.04311722726807024 0.04211045818823246 0.04115146465204554 0.04023695609021414 0.03936393511731862 0.03852966582858085 0.03773164609075445 0.036967583257128185 0.03623537282693264 0.03553307964410063
0.0102846253395896 0.009645674294995823 0.009064240623377696 0.008533746614672998 0.008048510122619352 0.0076036050379198195 0.0071947459846274965 0.006818192640971873 0.006470670027390442 0.00614930184038931 0.005851554488577155 0.00557518994278983 0.005318225873023455 0.005078901831839171 0.00485565047304541 0.004647072978178198 0.00445191801116523 0.004269063641021614 0.0040975017692960495 0.003936324677820101 0.0037847133766928435 0.003641927485187804
0.02996745861817285 1.6723292378792256 11.445498398103544 0.00014761586825822904
0.05698690007988202 0.05520004198519549 0.053531233725790155 0.05196912267087566 0.05050377089962925 0.04912644130355279 0.04782942131567718 0.0466058767827192 0.04544973014505979 0.044355558342024995 0.04331850681897748 0.042334216752391206 0.04139876318356223 0.04050860220077528 0.039660525663164095 0.03885162223927687 0.03807924375610666 0.03734097603267855 0.0366346135158075 0.03595813715173198 0.03530969502168397 0.03468758534649947
0.011071310852238777 0.010511099548595833 0.009997456207046505 0.009525171738478342 0.009089763433500202 0.00868735464427325 0.008314577346055618 0.007968492707744067 0.007646525939595393 0.007346412536977716 0.0070661536794846234 0.006803979030684799 0.006558315555181329 0.006327761255517865 0.006111062952979054 0.0059070974090871566 0.005714855220160917 0.005533427024313634 0.00536199164521889 0.005199805864778722 0.005046195571232877 0.004900548073116454
0.03596126500594132 1.8605887032228905 9.984470831521191 0.000353567169559186
0.060806694092779785 0.058909881670649616 0.057136970051311256 0.055476209577289 0.05391729118550116 0.05245113249826909 0.05106970081392194 0.04976586580868509 0.048533276311098904 0.04736625669575813 0.04625971935678421 0.04520909043036403 0.04421024648940412 0.04325946036855629 0.04235335462198389 0.04148886138989158 0.04066318766864873 0.03987378515521484 0.03911832397865332 0.03839466974684537 0.03770086343056074 0.03703510368406846
0.011147234393530388 0.010575422484927105 0.010051101271647605 0.009568998310426357 0.00912456698817444 0.008713868326558379 0.008333474810923145 0.00798039166079506 0.007651992004480046 0.007345963207920946 0.007060262205843041 0.006793078140226109 0.006542800962846608 0.006307994931061675 0.006087376138347038 0.005879793387602079 0.005684211846546268 0.0054996990286639855 0.0053254127261748345 0.0051605905880329666 0.005004541089531245 0.004856635683430286
0.03133728431122629 1.8317753002175137 10.571313182239146 0.000329663842489281
0.05717347458662217 0.05537989932781779 0.05370419124076039 0.052135094969757274 0.050662745793307755 0.04927846140757502 0.047974569948128695 0.04674426712396053 0.04558149688902955 0.044480851259712545 0.04343748579563256 0.042447047964844616 0.04150561616245932 0.040609647581567196 0.03975593347441131 0.03894156061085288 0.038163877955934185 0.03742046776065121 0.036709120399013605 0.03602781239708868 0.03537468719142629 0.03474803822926482
0.011419352026309155 0.010829487331688864 0.010288939357101663 0.009792194430479675 0.009334503553402004 0.008911756898996329 0.008520381892772074 0.008157259924920038 0.007819657882956585 0.007505171549952359 0.0072116785615809606 0.006937299109131676 0.006680362954730551 0.006439381617948256 0.0062130248207851934 0.0060001004562866625 0.005799537486357832 0.005610371285424964 0.0054317310349990405 0.005262828844934227 0.005102950334054158 0.0049514464487781405
0.03380118230776852 1.97210400797256 10.39926643575888 0.0003694512326813956
0.058121859255508376 0.056277704738133816 0.054555263828794616 0.052942874885206194 0.05143032052576151 0.05000861103693654 0.048669805515923134 0.04740686332342194 0.04621352003843189 0.045084183340018465 0.04401384518852951 0.04299800741189501 0.04203261837381105 0.04111401884843953 0.04023889557954077 0.03940424128229912 0.03860732006980406 0.03784563746561767 0.037116914308576214 0.03641906397323865 0.035750172424868186 0.03510848070590735
0.01068915044890212 0.010128706910651488 0.009615432629588657 0.009144031674777137 0.008709944629216303 0.008309227477638919 0.007938453285557145 0.007594631878434993 0.007275143834498707 0.00697768593396219 0.006700225834731939 0.0064409642226302055 0.006198303050933019 0.005970818767334456 0.00575723964671753 0.005556426520425854 0.005367356328329623 0.00518910802729511 0.005020850475062561 0.004861831976846501 0.004711371236889021 0.004568849501559344
0.23878996586314594 6.396299954377786 1.319538973178653 0.0003152087100370721
0.05954170451578076 0.05752961236050314 0.05565060905401619 0.05389211721186913 0.052243072010941534 0.0506937039546417 0.04923535745036143 0.04786033860103899 0.04656178694564683 0.04533356692528721 0.044170175670320284 0.04306666435070671 0.042018570845231785 0.04102186189494502 0.040072883234533514 0.039168316459780216 0.03830514160313584 0.03748060456315889 0.03669218867527659 0.03593758982735342 0.03521469461894303 0.034521561141807315
0.00940032033643922 0.008804250404772935 0.008262788584114888 0.007769583096125355 0.00731916149277242 0.00690679138244346 0.006528365734147023 0.006180308017111644 0.00585949341995307 0.0055631831613568205 0.005288969504370362 0.005034729557676689 0.004798586318960601 0.004578875709984894 0.004374118587304348 0.004182996899736464 0.00400433331385769 0.0038370737497044807 0.003680272366595647 0.00353307861829078 0.003394726061270317 0.003264522652686281
0.05793379635469975 3.430412448777724 6.155075175273136 0.00045769437872627324
0.060554820875667666 0.05856242256328604 0.05670100617177782 0.054958200664539374 0.05332313032787644 0.051786197778778 0.05033890329227086 0.04897369362363277 0.04768383491289567 0.04646330535408445 0.04530670416595753 0.04420917407147636 0.04316633502238095 0.04217422732514726 0.04122926265954604 0.04032818174954432 0.039468017662604035 0.03864606388849548 0.03785984649106099 0.03710709974255536 0.036385744745448236 0.03569387062497987
0.009851434407854756 0.009266553366496634 0.008733465770727214 0.008246253375703247 0.007799813691358576 0.007389729826964799 0.007012163710842803 0.006663768054018813 0.006341613423659796 0.006043127558643296 0.00576604465232169 0.0055083627884069935 0.005268308076192319 0.005044304314460393 0.004834947237053932 0.004638982570566989 0.004455287276144425 0.004282853460746812 0.004120774534452483 0.003968233264068845 0.0038244914331196007 0.003688880866979494
0.039964149488700085 2.0927420286553775 8.853204278039984 0.0004324995111574829
0.062036798672782174 0.06010137323851232 0.058291420482227824 0.05659516120463177 0.055002242692363104 0.05350352989559156 0.05209093206513651 0.050757258057521126 0.04949609495437787 0.04830170574908768 0.04716894271072424 0.04609317370378205 0.04507021926662535 0.044096298665564436 0.04316798347009057 0.04228215745710134 0.04143598186241356 0.04062686516757368 0.039852436747494835 0.03911052381639172 0.038399131201010434 0.03771642354530662
0.011426408818538214 0.010825774000615553 0.010275315696611298 0.009769477421288385 0.009303460601394444 0.008873102923428633 0.008474778938819226 0.008105318391947927 0.007761938747137818 0.007442189158324513 0.007143903712060765 0.0068651622262140095 0.006604257236541402 0.006359666075887323 0.006130027164346701 0.005914119797068144 0.005710846849743868 0.0055192199280579765 0.005338346572390763 0.005167419197462381 0.005005705501856936 0.004852540127217098
0.05139941559107364 3.3662574748890965 6.817190813763323 0.0002880989207962101
0.05823884497977944 0.05630399039950039 0.05449751570064604 0.05280717084663229 0.0512222030539539 0.04973313690288831 0.04833159172690685 0.04701012918001965 0.04576212537172895 0.04458166310994768 0.043463440686331914 0.042402694337482394 0.041395132065191645 0.04043687693368474 0.03952441830753201 0.03865456977027298 0.03782443268581062 0.037031364543854466 0.03627295137603681 0.03554698364771838 0.03485143512735706 0.03418444431487195
0.009606948533343044 0.009034337205123347 0.008512774076583332 0.008036372989850328 0.007600068322293732 0.0071994823120282315 0.006830816574869195 0.006490762938861532 0.006176429790945173 0.005885280946943559 0.005615084684068599 0.0053638710609669816 0.005129896028334948 0.004911611128863877 0.0047076378178878345 0.004516745620004568 0.004337833483055236 0.004169913807496403 0.004012098722753054 0.0038635882575101892 0.0037236601118795843 0.0035916607889198947
0.041358346948326075 2.366317616219684 8.525618382261147 0.0003679989387614809
0.06070011377416235 0.05877145734681113 0.05696872525786733 0.055280030358815936 0.05369493068171622 0.052204217338304486 0.0507997384911008 0.049474252482148845 0.048221304669343976 0.04703512364709532 0.04591053340102351 0.04484287862710013 0.04382796097972025 0.04286198443474494 0.04194150828816025 0.04106340657805043 0.04022483293182945 0.0394231900134159 0.038656102884983744 0.03792139571182105 0.03721707133193785 0.03654129328850431
0.010884384496173521 0.01029251509564347 0.009750932538295233 0.009254008004202155 0.00879688530749595 0.008375356492813704 0.007985760214905529 0.007624898261475111 0.007289966612266251 0.006978498212320912 0.006688315237778228 0.0064174890948838674 0.00616430675103595 0.005927242275832949 0.0057049326889007015 0.00549615738375213 0.005299820533614077 0.005114935994028328 0.004940614304186318 0.004776051459055512 0.004620519180996742 0.0044733564655416716
0.044606743020697004 2.879957882569875 7.961502006874122 0.0002885898041890067
0.05858636445238951 0.0566655106185926 0.05487183296432761 0.053193188751596295 0.05161892438988243 0.050139655466928224 0.04874708436641499 0.047433848243592536 0.04619339166434416 0.04501985939341091 0.043908005731438764 0.042853117512810485 0.041850948434805274 0.040897662829259857 0.03998978733745807 0.039124169227786644 0.03829794031923412 0.03750848565392896 0.0367534162077417 0.03603054504658413 0.035337866432931346 0.034673537466584026
0.009842828132815895 0.009277304785497644 0.008761303073858473 0.008289163830068199 0.00785601542748922 0.007457645892433576 0.007090398549474217 0.0067510863968952 0.0064369214787942395 0.006145456333492394 0.00587453521999389 0.0056222533032078935 0.005386922349691466 0.005167041774820597 0.004961274108907689 0.004768424128360085 0.004587421039441613 0.004417303214839215 0.004257205073363439 0.004106345765564598 0.003964019386556171 0.0038295864847935034
0.039434592004282565 2.2295938164797855 8.915333229645588 0.00036513669313567387
0.06049647079674327 0.05858304225603656 0.056794556377676206 0.05511920478047612 0.05354661786238241 0.05206765298807653 0.050674218835954875 0.049359128943190056 0.048115978968932806 0.04693904333383914 0.04582318777458464 0.04476379503768841 0.04375670147428719 0.042798142721120175 0.0418847069888886 0.04101329474697971 0.04018108380822252 0.03938549899028483 0.03862418567032707 0.03789498666339215 0.03719592194803178 0.0365251708389878
0.011008136893557889 0.010417769188017172 0.00987728646138175 0.009381115674714707 0.008924449389303075 0.008503122132667936 0.008113509509344379 0.0077524453980696755 0.007417153620766744 0.007105191260077504 0.006814401406340203 0.0065428735791669464 0.006288910427823335 0.00605099959399112 0.005827789839167481 0.005618070711084529 0.005420755159766797 0.005234864622235309 0.005059516181541594 0.004893911475461554 0.004737327086405146 0.004589106189694064
0.0322484788611761 2.239000272694518 10.757384411998661 0.0002771436333029192
0.05481827056754133 0.053029504695329695 0.05136061611339377 0.04979995296455667 0.048337325726013076 0.046963785152220834 0.04567143937253784 0.04445330234801934 0.04330316760929641 0.04221550250254925 0.04118535916993698 0.040208299261665865 0.039280329975574624 0.038397849488201234 0.03755760020957847 0.03675662858550743 0.035992250403117085 0.03526202074126184 0.0345637078567696 0.03389527041841396 0.03325483759869061 0.03264069161364262
0.009807673980892781 0.009272135128968224 0.008782724326046617 0.008334169131455174 0.007921941117708008 0.007542131967882424 0.007191353165474456 0.006866654259239806 0.006565455856182928 0.00628549437105311 0.0060247762202126996 0.00578153964849751 0.005554222760675669 0.00534143662406846 0.005141942537573772 0.004954632740756386 0.004778513976733429 0.004612693433178912 0.004456366673587288 0.004308807241038905 0.0041693576729605435 0.0040374217107318235
0.03815510826545376 2.2543962105775015 9.116890086476927 0.00029365110825885834
0.05937098908571645 0.0574822082051093 0.05571727439586171 0.0540644321285741 0.05251336454104986 0.051054980686883716 0.049681239271735525 0.04838500181944083 0.04715990971931775 0.046000280763813656 0.04490102168006849 0.04385755385458588 0.04286574999465461 0.04192187989891109 0.04102256384903753 0.04016473240509208 0.03934559160358003 0.03856259273172289 0.03781340599240177 0.0370958974888515 0.036408109051729386 0.03574824050788093
0.010863972813124703 0.01027782584565923 0.00974143139089454 0.009249206683445893 0.008796339344102476 0.008378662389165068 0.007992552348020134 0.007634845731347261 0.0073027701642332105 0.006993887309656956 0.0067060453260201274 0.006437339076713719 0.00618607667598902 0.005950751240012945 0.005730016934470035 0.005522668584992202 0.00532762425498338 0.005143910305314943 0.004970648538170045 0.00480704509780304 0.004652380857836658 0.0045060030707897835
0.03385254472030663 1.9930017844272403 10.155835591414478 0.0005329828024160135
0.05806649453181592 0.05622889304695228 0.05451223888011311 0.05290497986832589 0.05139698969430271 0.049979354831691754 0.048644198466985804 0.04738453415138734 0.046194143507456036 0.04506747351549411 0.0439995498278775 0.042985903274777484 0.04202250728250726 0.04110572436351181 0.04023226018270169 0.03939912397937851 0.03860359434326173 0.037843189519164155 0.037115641556917316 0.0364188737383369 0.03575098080685604 0.035110211602243396
0.010964626346853346 0.01038819257867663 0.009860281560065957 0.00937545230055885 0.008929018595312947 0.008516925349087857 0.008135648072289592 0.007782110702170708 0.0074536180137072874 0.007147799720632303 0.006862564000572557 0.006596058661709162 0.006346638539920311 0.006112838002774499 0.005893347660484298 0.00568699455917056 0.00549272526984151 0.005309591395861342 0.005136737108795706 0.0049733883922646925 0.004818843729548548 0.004672466016055541
0.032586044986300355 1.8241529204104467 10.581312658276046 0.0003483216912656782
0.058281383657609015 0.056452503236002274 0.054743850049648594 0.05314393935458801 0.051642705881905185 0.05023129122988913 0.048901868270927726 0.0476474952921862 0.046461994174563745 0.04533984812352094 0.04427611539435408 0.04326635617332997 0.042306570336099664 0.04139314424389549 0.040522805084413284 0.03969258153916669 0.0388997697784647 0.03814190396115404 0.037416730558196096 0.03672218593416025 0.03605637671436103 0.035417562541955064
0.011156918252807502 0.010582956623220391 0.010056886166174764 0.00957335805691626 0.009127765135158852 0.00871612012587362 0.008334956763593377 0.00798124900589501 0.00765234463190468 0.007345910355019408 0.007059886209359059 0.006792447449712186 0.006541972573219887 0.006307016355672939 0.006086287016581418 0.005878626800279097 0.005682995396543502 0.0054984557320177305 0.0053241617495062826 0.005159347860839954 0.0050033198141753 0.00485544676116406
0.030360601920720764 1.9422953161744223 11.172487055759607 0.00022322785763828363
0.055356688326860186 0.0535851667318963 0.05193153714996198 0.05038439894789163 0.048933777685920894 0.04757090892842032 0.046288060148723865 0.04507838314294305 0.04393579103988674 0.0428548552644634 0.0418307187843461 0.04085902271953617 0.03993584397676902 0.03905764202590561 0.038221213293561165 0.0374236519326471 0.03666231595211933 0.035934797871813515 0.03523889921255774 0.034572608249261665 0.03393408055017063 0.03332162190342273
0.010515249831468006 0.009961497338251107 0.009454626250957509 0.008989334032007428 0.008561062083652626 0.008165872171880813 0.007800346370024254 0.007461505516014734 0.007146742346994408 0.006853766348960103 0.006580558017317955 0.006325330723728485 0.006086498766475652 0.005862650475559503 0.005652525471541268 0.005454995354878755 0.005269047241958844 0.005093769674137467 0.00492834051350962 0.004772016508904982 0.004624124271586619 0.004484052445270547
0.0387198291769395 2.319830652286578 9.314367460991962 0.00022720159934642436
0.05919289568871139 0.05729102714913677 0.05551465015716251 0.0538517786815721 0.05229190249155157 0.05082576761085484 0.04944519464821142 0.048142927634062554 0.04691250757904024 0.045748166183574385 0.044644736064248805 0.0435975745894855 0.04260249898526645 0.041655730818358286 0.0407538483179031 0.03989374527737093 0.039072595503724994 0.03828782196143073 0.03753706990500396 0.03681818341237153 0.036129184828021486 0.03546825670413003
0.010237283945022343 0.009680401448764782 0.009171063994792126 0.00870390596677599 0.00827430658161869 0.007878268277391326 0.00751231773765473 0.007173424858020917 0.006858936026435263 0.006566518893067533 0.006294116417287041 0.0060399084473956735 0.005802279449600248 0.005579791282529549 0.005371160131948707 0.005175236891704366 0.004990990412212066 0.004817493145158066 0.004653908798738149 0.004499481686428506 0.004353527507609903 0.004215425343146348
0.25239134042453426 6.412342125084455 1.2708804791874888 0.0002582807335689609
0.06056908897230401 0.058527235469352144 0.05662019942874004 0.054835262591420464 0.05316123354275912 0.051588228804449035 0.050107489952353396 0.04871123013423406 0.047392504697597815 0.04614510168285672 0.044963448758554646 0.04384253382467756 0.04277783702575725 0.04176527232706869 0.040801137137272805 0.03988206872672677 0.039005006405798244 0.03816715860230719 0.03736597411982702 0.03659911697539118 0.035864444311208346 0.035159986954270826
0.009278697500372225 0.008691991181615446 0.008158905408512942 0.00767321775732248 0.007229565267947296 0.0068233086217047035 0.006450420234952646 0.006107391663796789 0.005791156671182774 0.005499027051962958 0.005228638893656494 0.004977907408009757 0.004744988829444489 0.004528248162612847 0.004326231789041162 0.004137644124891864 0.0039613276679649366 0.0037962458897556153 0.0036414685235639367 0.0034961588769061966 0.0033595628594099438 0.0032309994688175733
0.03806868640299632 2.384041593627951 8.820651113634009 0.00028467196620620745
0.05827774574862968 0.05641423210600439 0.05467300058588831 0.05304244585954027 0.05151238146023468 0.05007383032021786 0.04871885114973745 0.0474403937439584 0.04623217777755856 0.04508859077869184 0.04400460184925301 0.04297568837964569 0.041997773539900224 0.041067172749527044 0.040180547661815266 0.03933486646394847 0.03852736950716738 0.03775553945262166 0.03701707525726896 0.03630986943695151 0.03563198813587909 0.034981653607280415
0.010974737566305563 0.010373193832488177 0.009823073919041213 0.009318587546084417 0.008854743954092052 0.008427222387092892 0.008032266446104986 0.007666597419010449 0.007327342790209546 0.007011976965129349 0.006718271879541629 0.006444255651470334 0.00618817781069236 0.005948479934321546 0.0057237707466499714 0.005512804922192861 0.00531446497393555 0.005127745722577858 0.004951740933552584 0.004785631781687968 0.004628676862380361 0.004480203515975468
0.03395548718684438 2.0683438667728775 10.035325229851706 0.000439741579894482
0.0575794887492858 0.05574894760753043 0.054039058211133334 0.05243828618070162 0.050936521386629706 0.049524865125403966 0.048195454223296616 0.046941314833681164 0.04575624026197911 0.04463468834977939 0.043571694871105814 0.04256280010776295 0.04160398632757377 0.04069162432645223 0.039822427540467095 0.03899341250825849 0.03820186468317908 0.03744530877038169 0.036721482905993114 0.03602831611059355 0.03536390854298227 0.034726514156934445
0.010889148728905491 0.010310765449084689 0.009781301712667544 0.00929525708138541 0.008847895089565398 0.008435118041888809 0.008053365256443852 0.007699529853837957 0.007370890315169347 0.0070650538759760954 0.006779909463351541 0.006513588372115915 0.006264431251623651 0.006030960265500499 0.005811855512986206 0.005605934977913279 0.005412137411106652 0.005229507662729664 0.00505718406932282 0.004894387570924301 0.004740412290507517 0.004594617353932591
0.05408610323731522 3.3937094250218527 6.520408799041127 0.00030210618271387665
0.05922218613127369 0.057263007749424374 0.055433295627700586 0.05372075160757191 0.05211457332371853 0.05060523568436652 0.0491843091898652 0.04784430811447683 0.046578563031213036 0.04538111328493827 0.04424661589497689 0.04317026805448789 0.04214774093423483 0.041175122926376914 0.04024887080471973 0.039365767550646025 0.03852288581335412 0.037717556150346374 0.03694733933806028 0.036210002159913025 0.0355034961751434 0.034825939050856736
0.009728046731955084 0.009149182165934388 0.008621774411919254 0.008139913443837488 0.007698509062776987 0.007293159106040411 0.006920041527711436 0.006575825576478096 0.006257598334787933 0.005962803679071652 0.005689191334136913 0.005434774170407176 0.00519779226347893 0.004976682526138689 0.004770052952022409 0.004576660691488814 0.004395393324625972 0.004225252811720027 0.004065341694205343 0.003914851193883964 0.0037730509187691706 0.0036392799331702126
0.04833233292822692 2.9794468528445672 7.205031389909479 0.0004822810681290216
0.05977523893801981 0.057830620808552176 0.056013650019038554 0.05431225858250744 0.052715842295969144 0.051215047106333206 0.049801591509181835 0.0484681181457514 0.04720806919315095 0.046015581247513544 0.04488539625881822 0.043812785748283296 0.04279348606827354 0.04182364288343172 0.0408997633850176 0.04001867501706388 0.03917748970732761 0.03837357276920318 0.037604515781326564 0.03686811286618965 0.036162339882902 0.0354853361263605
0.010334877984736996 0.009739655477580362 0.00919639353068976 0.008699193995177004 0.00824297139479397 0.007823322634936998 0.007436420325100099 0.007078924977339912 0.006747912378882732 0.006440813228963432 0.006155362739403517 0.005889558370194793 0.005641624238661629 0.005409981028350012 0.005193220450153256 0.004990083487286418 0.004799441798139359 0.004620281764832019 0.0044516907666408475 0.0042928453311196005 0.004143000875384407 0.0040014827985375085
0.03249566812264448 1.7933994572808192 10.455856441810118 0.00029228716358542316
0.058491740822510546 0.056666052188458535 0.054959995040185096 0.05336217795851125 0.05186261310519445 0.050452506633504327 0.049124085478067854 0.04787045338964749 0.04668547062931049 0.045563652918724475 0.044500086152497974 0.04349035408259284 0.04253047673379166 0.04161685773994321 0.04074623913075863 0.039915662368953275 0.03912243465314396 0.038364099674996856 0.037638412158780506 0.03694331562471308 0.03627692290973419 0.035637499054810354
0.01145348296142766 0.010866968887093348 0.010329250932883513 0.009834894234608541 0.009379215384190988 0.008958159416699238 0.0085681998572137 0.008206256997374674 0.007869630681130675 0.007555944713252651 0.007263100635789021 0.006989239099404946 0.006732707426578341 0.006492032249726173 0.006265896329959105 0.0060531188364580674 0.005852638503728072 0.005663499192692925 0.005484837468156223 0.005315871874439961 0.005155893646747622 0.00500425864084903
0.029204880917410914 1.498563713930975 12.43576607683998 0.00034842145197049116
0.05721322820116415 0.055420845379364155 0.05374756667186641 0.052181849858204336 0.050713604382985486 0.04933396957173885 0.04803513230503925 0.046810176208042086 0.045652956184467984 0.04455799346471371 0.043520387360274984 0.042535740702506424 0.041600096552082265 0.04070988423970544 0.039861873170655274 0.039053133119491705 0.038280999974520356 0.03754304607794782 0.0368370544572931 0.036160996364406006 0.035513011636427734 0.03489139147289159
0.010552246078322664 0.010033086879983975 0.009556693202273796 0.009118287667103405 0.008713762233856469 0.00833956629621553 0.007992616326355794 0.0076702224113567846 0.007370028133000576 0.007089961063578003 0.006828191765447245 0.006583099646452439 0.006353244376586183 0.006137341842040021 0.005934243821777048 0.0057429207341673245 0.005562446928251461 0.00539198809416467 0.005230790446393303 0.005078171396542511 0.004933511482728694 0.004796247363291853
0.24809540552292697 6.478372894505532 1.2447878590935473 0.0004616097185667425
0.0591412306544005 0.05714272191943765 0.05527640284721145 0.05352978101600885 0.05189186635992376 0.0503529553965278 0.048904451026486655 0.04753871135105777 0.046248922277512705 0.04502898971745745 0.04387344799630699 0.04277738173460752 0.04173635897195218 0.040746373711159606 0.03980379638656827 0.03890533102295878 0.03804797806405691 0.03722900202212993 0.03644590324093242 0.0356963931795128 0.03497837271913712 0.03428991307376534
0.009504842048932557 0.00890214433597505 0.008354661898774868 0.007855972331925407 0.007400542340791498 0.006983586917470156 0.006600953368728999 0.006249025400281515 0.005924643459669152 0.005625038316380685 0.005347775464691788 0.005090708411246453 0.004851939285288829 0.004629785507243729 0.004422751488266155 0.004229504522656483 0.004048854186859854 0.0038797346810249193 0.003721189647921946 0.0035723590842009494 0.003432468024259635 0.003300816730341224
0.0316667075647713 1.5657100588693629 11.221790351430288 0.0004572601255911679
0.059368693067954496 0.057531335773907746 0.055814555624049446 0.05420683040430985 0.052698065243642324 0.05127937802257565 0.04994292232278907 0.04868174049181679 0.04748964102395271 0.04636109569665624 0.045291152851335004 0.04427536394087548 0.04330972103680068 0.04239060343559106 0.04151473185559523 0.040679128994845506 0.03988108544239241 0.03911813011392445 0.0383880045259661 0.0376886403391471 0.03701813969556651 0.03637475795252711
0.011291402202902269 0.010732786001972097 0.01022006810541886 0.009748157460178727 0.009312668426058967 0.008909804533502966 0.00853626424325021 0.00818916404554072 0.007865975321465707 0.007564472200848307 0.007282688263210402 0.007018880393512219 0.006771498460317353 0.006539159758349665 0.006320627370205442 0.006114791768113346 0.005920655107123421 0.005737317764201548 0.005563966759615948 0.005399865762431552 0.0052443464344626165 0.005096800909424363
0.248924373363275 6.604905449791661 1.2727376043714678 0.0002598835424844579
0.05867153231909765 0.05666926312214219 0.05480040496417025 0.05305225783348315 0.05141366006646509 0.049874765819195414 0.04842685948878453 0.04706220022725305 0.045773891086212985 0.0445557684190581 0.04340230802104381 0.04230854516073661 0.041270006189772224 0.04028264984275272 0.03934281667915907 0.0384471853925663 0.037592734933269735 0.03677671156955098 0.035996600158720145 0.0352500990184036 0.03453509788653083 0.03384965853923234
0.008962186052375937 0.00838745905353202 0.007865903070385198 0.007391274501763416 0.0069582022258708265 0.006562048123135326 0.006198792441369486 0.005864939165235397 0.005557437567990373 0.005273616911844893 0.00501113187794653 0.004767916788530961 0.004542147062728308 0.004332206647064343 0.004136660399515183 0.003954230595581458 0.0037837768766390565 0.003624279082827104 0.003474822511177233 0.0033345852194218172 0.0032028270607366524 0.0030788801875545227
0.031619197511520425 1.5237376177013318 11.215390997977353 0.0003791821545157677
0.05968136093099753 0.05784238843004457 0.056123878005174106 0.05451433687285581 0.053003694017988365 0.05158308669076688 0.05024468421477684 0.04898154173316708 0.047787478133628214 0.04665697362152623 0.04558508335301009 0.044567364268106695 0.04359981283033791 0.04267881182303583 0.04180108470211905 0.040963656282219256 0.040163818753977246 0.03939910220742528 0.038667248979066884 0.03796619125581735 0.03729403146298396 0.03664902504030945
0.011449233914209479 0.010886720255854817 0.010370280683847752 0.00989481523911993 0.00945592959843267 0.009049818920811808 0.008673173658647327 0.00832310268319967 0.00799707015537955 0.007692843381856698 0.007408449506956603 0.007142139354721118 0.006892357090637735 0.006657714646275508 0.006436970062458782 0.006229009072457066 0.006032829376960955 0.005847527165571164 0.005672285521341624 0.005506364410279539 0.0053490920101934665 0.005199857175638982
0.03509195033949253 2.2895742853020478 9.648630200424824 0.0004708232855884757
0.056798385862631015 0.054969809347805924 0.05326222448429072 0.05166403628372872 0.05016508291926531 0.04875642160451914 0.04743015158667353 0.046179266995592674 0.0449975338604959 0.04387938680560791 0.04281984186010815 0.04181442253402792 0.040859096870798216 0.0399502236262116 0.039084506070461024 0.03825895218557549 0.03747084025082355 0.036717688985561235 0.03599723156180817 0.03530739291467062 0.03464626987312283 0.03401211371091749
0.010565940285341132 0.009989438880888336 0.009462318990824139 0.008978987754024339 0.008534631691397532 0.008125088923944377 0.00774674528197248 0.0073964493272735835 0.007071442446025547 0.006769301026136531 0.006487888382449513 0.006225314589844622 0.005979902766450346 0.005750160645185991 0.005534756502560604 0.005332498694532596 0.00514231819186338 0.004963253620485982 0.004794438402548744 0.004635089666006467 0.004484498648764454 0.004342022370398855
0.25690152881686334 6.237651855284758 1.2577686629089797 0.00046501825983416453
0.062384233212905954 0.060307614719210687 0.05836685043680831 0.05654924148108002 0.05484359973143089 0.05324003317075853 0.051729766234595284 0.05030498878894371 0.04895872863097303 0.047684743406456044 0.04647742862571008 0.04533173908389419 0.044243121488293395 0.04320745649253968 0.042221008656955335 0.0412803831118468 0.040382487909406156 0.03952450121984835 0.03870384266631489 0.03791814820703189 0.03716524806705516 0.03644314729950146
0.009632921409565318 0.009032572436041022 0.008486412774400959 0.00798822898197418 0.007532655785620695 0.0071150435972404235 0.006731349089126968 0.0063780444400028105 0.006052041763503348 0.005750629934494728 0.005471421580637998 0.005212308441637504 0.004971423642921408 0.004747109704166332 0.004537891321488049 0.004342452137131947 0.004159614851282232 0.003988324144292302 0.0038276319697783637 0.0036766848539661174 0.003534712897858623 0.00340102022890276
0.030966120092964178 1.615288181854781 11.541496339655183 0.000282364335241457
0.05823167205700486 0.05641133291543707 0.05471119420587841 0.05311969802972633 0.05162672707245023 0.05022338669557189 0.048901825384446894 0.047655085917526346 0.04647698130598502 0.04536199083104955 0.04430517248493802 0.043302088875900015 0.04234874424378795 0.04144153069063189 0.040577182091030846 0.03975273443237405 0.0389654915619471 0.03821299549971743 0.037493000621839134 0.03680345113819839 0.03614246138344403 0.03550829851942835
0.010875927423649066 0.010332478811525048 0.009833949865967322 0.009375331010281573 0.008952310531568145 0.008561158932954683 0.008198635308317829 0.00786191104207762 0.007548507237488258 0.007256243098435002 0.00698319310787275 0.006727651314692275 0.006488101398755522 0.0062631914591889945 0.0060517126842677535 0.0058525812274446785 0.005664822744456387 0.005487559149309158 0.005319997228582112 0.005161418818620261 0.005011172302434369 0.004868665225239898
0.03283842006417936 1.7840579759153505 10.642679370132898 0.0004132170797182188
0.058786646851329165 0.056946480824048185 0.055227203648688376 0.05361727196879938 0.05210656894368661 0.050686190574702215 0.049348269238885405 0.04808582710904915 0.04689265373410332 0.04576320326941124 0.04469250778116384 0.043676103771548146 0.04270996963452051 0.04179047219341991 0.04091432081987136 0.040078527909741014 0.03928037471238859 0.03851738168634713 0.037787282697197035 0.03708800248898693 0.036417636954658765 0.035774435807899435
0.011135733045730963 0.010566739375837275 0.010045077945653647 0.009565471174604616 0.009123372786957722 0.00871484772699009 0.008336474670621404 0.007985266379994332 0.007658604244654527 0.0073541841762947155 0.0070699716465668335 0.006804164131651966 0.0065551595910097816 0.0063215298886231605 0.006101998283382954 0.005895420286013882 0.00570076731428883 0.005517112684583785 0.005343619562404753 0.005179530562165751 0.005024158740876654 0.004876879774325938
0.03133139390640405 1.4151750261405271 11.33693180590131 0.00033206630274013407
0.06029180085843382 0.05845089709481163 0.05673024404388381 0.055118392683768225 0.053605308472899516 0.05218215910522511 0.0508411393416736 0.04957532559244456 0.04837855452806494 0.047245321217773036 0.04617069323010745 0.045150237854012266 0.04417996016158905 0.043256250074368834 0.04237583694228853 0.041535750419877754 0.040733286643664435 0.039965978890761034 0.039231572040373724 0.038528000274791405 0.0378533675498313 0.03720593044108002
0.011711394324993945 0.011146337354335987 0.010627224705513711 0.01014899139447214 0.009707271895068278 0.009298285070858602 0.00891874086880918 0.008565764165561382 0.00823683222910009 0.00792972306103783 0.0076424724898748065 0.0073733383454361295 0.007120770396638299 0.006883385005977985 0.006659943664564659 0.006449334735809286 0.006250557864933531 0.006062710613430121 0.00588497695862268 0.005716617363193384 0.005556960171514847 0.005405394131558646
0.037765748627914264 2.294090981485439 8.977533880244348 0.00018507881762215873
0.05877990353178065 0.056909147424179886 0.05516097089189341 0.05352375066639054 0.05198728407542354 0.05054257929428654 0.04918168150605151 0.04789752803828429 0.046683827023098506 0.04553495526302974 0.04444587186306024 0.04341204487222512 0.042429388713167523 0.04149421059947465 0.040603164474609606 0.03975321127239345 0.03894158451219614 0.038165760413660176 0.03742343185468289 0.03671248560929438 0.03603098239426895 0.03537713932891952
0.011049117265132764 0.010449817800568249 0.009901492021775062 0.00939841694607743 0.00893565880815401 0.00850894522055386 0.008114560914218097 0.007749262217985687 0.00741020652328921 0.0070948938039446015 0.006801117889311907 0.006526925671669258 0.006270582801612855 0.006030544715342532 0.0058054320645919465 0.005594009798476998 0.005395169287754928 0.005207912994291774 0.005031341278301069 0.004864641008016317 0.004707075694642503 0.004557976922596376
0.05902814114326649 3.6218600303015114 5.940533014380465 0.0004376004455826382
0.05936979248798594 0.05739924107040796 0.05555882960255127 0.05383621810149612 0.05222056299982394 0.05070229942076313 0.049272959973438044 0.04792502319412351 0.0466517861836613 0.04544725709527597 0.04430606398816624 0.04322337723785112 0.04219484322729281 0.04121652746567149 0.040284865618878056 0.0393966212060263 0.038548848933909634 0.037738862817392534 0.036964208376812226 0.03622263832024727 0.0355120912142188 0.03483067272514409
0.009701616427902765 0.009116976663348852 0.008584596451563635 0.008098462190365665 0.0076533935083224576 0.007244909823370251 0.006869120927740891 0.006522636831381594 0.006202493123384001 0.005906088900675257 0.005631134923804451 0.005375610134348723 0.005137725039490749 0.004915890760827731 0.004708692774653474 0.004514868553593511 0.00433328846506776 0.00416293939864536 0.004002910688129328 0.003852381969949111 0.0037106126808654234 0.003576932948006234
0.0307614145918651 1.7237580204250103 11.403820090767084 0.0002114617879253093
0.057272843252665344 0.05546848488305815 0.05378355310028404 0.05220654562809805 0.05072739519127989 0.049337252361113984 0.04802830662661577 0.04679363808430319 0.045627093816016324 0.044523184297964404 0.04347699615921247 0.04248411835974372 0.041540579442161746 0.040642793967603535 0.03978751660558365 0.038971802631771336 0.038192973814014604 0.03744858884809197 0.036736417650460325 0.03605441893317891 0.035400720582015766 0.03477360243697918
0.01077784819205104 0.010229328275839753 0.009726514490016174 0.009264286252597245 0.008838237795750721 0.008444559659266564 0.008079942737702416 0.0077415000759176985 0.007426702732272587 0.007133326868477007 0.006859409857130862 0.006603213677418654 0.006363194235753453 0.006137975530062484 0.00592632779479843 0.005727148934049985 0.005539448683730895 0.005362335049274046 0.005195002648954448 0.005036722659760444 0.004886834116318293 0.004744736356578686
0.028287196881736754 1.609114622735938 12.101054780183917 0.0002965373572628513
0.055742111263938604 0.05398804062325709 0.05235047590723292 0.05081814171451954 0.04938117778410587 0.04803092336461894 0.04675973983073921 0.045560863872997834 0.04442828529316418 0.04335664472964283 0.042341147623928765 0.04137749149818357 0.04046180420210608 0.03959059124608414 0.038760690697877596 0.03796923440472678 0.03721361452900425 0.0364914545663319 0.035800584160373045 0.035139017145851235 0.034504932346587976 0.03389665673301756
0.010855064983168773 0.010308751020279793 0.009807866588745053 0.009347314303001376 0.008922711335727243 0.00853027022414882 0.008166702533065298 0.007829140462569153 0.007515072648880731 0.007222291270234412 0.006948848217679942 0.006693018580700351 0.006453270070997896 0.006228237294474317 0.0060167000030278825 0.005817564630222413 0.0056298485499148175 0.005452666603314518 0.005285219524255784 0.0051267839596471085 0.004976703835884907 0.004834382865359148
0.03394881893499313 1.750197759113014 10.417558086962075 0.00047922382157637776
0.060030996816949726 0.05816462951721545 0.056420334043755564 0.0547865063264689 0.05325296988119984 0.05181076294005783 0.05045196247956747 0.04916953792047088 0.047957228839585246 0.046809442230489905 0.04572116577021086 0.04468789426212497 0.04370556698143457 0.04277051408607342 0.04187941060061513 0.04102923675455909 0.040217243675062325 0.03944092360978823 0.03869798399726747 0.03798632481710247 0.037304018745994726 0.03664929372221885
0.01130842483194818 0.010735320738493339 0.010209644596972009 0.009726132360681271 0.00928024624835081 0.008868056003459718 0.00848614239672222 0.008131518314757426 0.007801563847428815 0.007493972590290618 0.007206706987472499 0.006937961004825315 0.006686128779941609 0.006449778171551894 0.006227628345489872 0.00601853070251566 0.005821452585673887 0.005635463309718007 0.005459722138630413 0.005293467904106 0.005136010011636694 0.0049867206242991844
0.03301621841704505 1.4835002579570957 11.289626458476366 0.00013328341261505106
0.061076047774761895 0.059197101414602535 0.05744124519012487 0.05579673168568798 0.054253267548610234 0.052801794984975614 0.051434311470506366 0.05014372011848041 0.0489237048024195 0.04776862539143763 0.046673429422558435 0.045633577280832394 0.044644978538737605 0.04370393756095875 0.0428071068388011 0.04195144680236628 0.04113419108488694 0.040352816394961 0.03960501629852506 0.03888867833069398 0.038201863953823946 0.0375427909568006
0.011086736846763671 0.010548647651904072 0.010054392734249495 0.00959913334243995 0.00917869981592986 0.008789481342772807 0.008428336604795028 0.008092520876869139 0.007779626180541264 0.0074875318651002306 0.007214363571632762 0.006958458977908312 0.006718339060248566 0.006492683869112593 0.006280312017172463 0.006080163236318417 0.005891283483821571 0.005712812175647119 0.00554397120255955 0.005384055446667076 0.005232424565824311 0.005088495853463389
0.24634451874326957 6.183400648824573 1.2885082018138765 0.00020820383968617594
0.06185064242557792 0.05979458748181289 0.05787290843516056 0.05607305699638498 0.05438397626506002 0.05279588902836808 0.05130012055315529 0.04988894959059047 0.04855548256662114 0.04729354691470701 0.04609760028245288 0.04496265295791296 0.04388420135032108 0.04285817075117375 0.04188086591595727 0.04094892826057298 0.040059298672238494 0.03920918510211792 0.038396034243820695 0.0376175067142306 0.036871455245640325 0.036155905474643715
0.00989014696568391 0.009274709826478055 0.008714750779856333 0.008203916724767923 0.007736720701223958 0.007308406768163701 0.006914838370841729 0.006552405732386358 0.006217948719598936 0.005908692348248674 0.005622192654410125 0.0053562911008601085 0.005109076037861169 0.00487885001617479 0.00466410197249296 0.0044634834856907045 0.004275788445700806 0.004099935592634872 0.003934953477671014 0.0037799674736227473 0.003634188525476504 0.0034969033822838318
0.033910743054260006 1.8429649269333899 10.372918497117201 0.0005295820051323503
0.05925291664016428 0.05739593661693411 0.055660809017834816 0.0540359190968433 0.05251108411462974 0.05107733943526352 0.04972676175440852 0.048452322177714675 0.04724776344848761 0.04610749683021416 0.04502651507740409 0.044000318646846455 0.04302485286169391 0.04209645418046458 0.04121180407016439 0.04036788925837545 0.03956196735926219 0.03879153704513981 0.038054312077823595 0.037348198629571144 0.03667127541759794 0.036021776253196316
0.011093045560773698 0.010522654162924508 0.009999791974598972 0.009519160257796668 0.009076193369808737 0.008666938697491562 0.008287959108588505 0.007936253201736564 0.007609189721186451 0.007304453317224714 0.00701999945037483 0.006754016708095956 0.006504895164142047 0.006271199690178321 0.0060516473466668205 0.005845088150233017 0.005650488648749482 0.005466917841507271 0.005293535066351063 0.005129579543288467 0.004974361318486965 0.004827253396542014
0.027334434361852122 1.2189748415904023 12.63146858563314 0.0004912860558567152
0.057674199768740386 0.05591529060007516 0.05427220100887998 0.052733787430051984 0.05129030043249483 0.0499331725520956 0.04865484375889335 0.04744861700133027 0.04630853795275462 0.045229294358950366 0.04420613135742831 0.04323477988662484 0.04231139588205969 0.041432508407984264 0.04059497522745892 0.03979594459374388 0.03903282226833019 0.038303242948690676 0.03760504543164218 0.03693625095354179 0.03629504424213977 0.03567975689123292
0.011713531151247642 0.01116139297425762 0.010654005505483186 0.01018641549449463 0.009754360066304743 0.009354151667225063 0.008982585111233102 0.008636861963292716 0.008314528625332341 0.008013425329862779 0.007731643875224469 0.007467492411667959 0.007219465949256703 0.006986221536039703 0.006766557269225112 0.006559394468692942 0.006363762472556265 0.006178785617125291 0.006003672044919765 0.005837704049117782 0.005680229714670483 0.005530655658037717
0.031988681926899076 1.768773146858761 10.61519252262642 0.0004848596189222292
0.05822175651028452 0.056403924258021675 0.05470534660896709 0.053114651342023575 0.051621869883652936 0.05021822729940097 0.04889596881488985 0.0476482156862722 0.04646884480255115 0.04535238759392753 0.04429394473616361 0.04328911384973643 0.04233392794481931 0.041424802796219046 0.040558491774118 0.03973204692768699 0.03894278533510033 0.03818825990718147 0.03746623397199895 0.03677465908127646 0.036111655571941965 0.03547549549177028
0.011419209820909416 0.010835861380959926 0.010301029282037674 0.009809306667324913 0.009356035245567544 0.008937182520950626 0.008549242090331073 0.00818915216344003 0.007854228577785284 0.0075421094180367155 0.007250708983733056 0.006978179332369305 0.006722877995775296 0.006483340754223616 0.006258258575511333 0.006046458000589115 0.005846884394520554 0.005658587590163472 0.005480709538405045 0.00531247364793978 0.005153175553187859 0.005002175093881649
0.032352102112661485 1.6639424879013216 10.824263276558874 0.000252264883021148
0.05930298719586566 0.057462456033367915 0.05574253318006264 0.054131721405151656 0.05261994307222999 0.05119832754993402 0.04985903564936832 0.04859511379907452 0.04740037225728122 0.04626928287248413 0.04519689283375063 0.04417875157180609 0.04321084853243887 0.04228955998310832 0.04141160336015991 0.040573997938981296 0.03977403082878616 0.039009227469672426 0.038277325951480326 0.037576254588935876 0.03690411228115705 0.03625915126014086
0.01137200725323419 0.010801161476369876 0.010277443720313084 0.00979562105423579 0.009351184345292442 0.008940229437453946 0.008559360704407581 0.008205612264054939 0.007876383231456488 0.007569384204051038 0.007282592790421167 0.0070142164639621744 0.006762661383245328 0.006526506099103389 0.006304479284652175 0.00609544079348591 0.00589836548422746 0.005712329354780892 0.005536497613286486 0.0053701143796704666 0.0052124937654437035 0.005063012122823492
0.038337132822311104 2.325836771899943 9.203157933152957 0.0003809330173297161
0.058911092187235975 0.05702182984713558 0.055257020407994926 0.05360479849825475 0.05205475689415337 0.05059773003577656 0.049225614812839005 0.04793122138404807 0.046708148346975745 0.045550677765465473 0.04445368648003356 0.04341257084029032 0.042423182556392 0.041481773805546324 0.04058495007704154 0.03972962951579665 0.038913007745703075 0.03813252733199799 0.037385851185764575 0.03667083933047709 0.03598552854581909 0.03532811448209345
0.010479999187314465 0.009909233236921392 0.009387197804007139 0.008908397694694667 0.008468099418536613 0.00806220707887407 0.007687161305588938 0.007339856465838665 0.007017572466501656 0.006717918276804265 0.006438784919671906 0.006178306155487755 0.005934825448420758 0.005706868089937031 0.005493117576235015 0.005292395510813364 0.0051036444411849706 0.004925913148181971 0.004758343993647074 0.0046001620023783125 0.0044506654106743395 0.00430921745956138
0.054590107402084254 3.099201596446327 6.417420321419103 0.0006339986333264929
0.06180194898534937 0.059808059275637704 0.057943845583034455 0.0561971781906955 0.05455738120280185 0.05301502312817341 0.05156174228696143 0.050190100534997846 0.04889346013942436 0.0476658796789688 0.04650202565451772 0.04539709713392683 0.04434676125941177 0.04334709784661301 0.0423945516244806 0.04148589092200848 0.040618171815021656 0.03978870691407011 0.038995038111086316 0.0382349127141057 0.03750626249097084 0.03680718521843048
0.010650654058031162 0.0100365269332466 0.009475770894742037 0.00896237718554533 0.008491155474565271 0.008057604525419796 0.007657805910788502 0.007288336235955632 0.006946194306485232 0.006628740422744563 0.006333645563012428 0.006058848667757876 0.005802520590615124 0.005563033559314011 0.005338935209477306 0.005128926428758518 0.004931842388174439 0.0047466362492816685 0.004572365125909308 0.004408177952022975 0.004253304966485175 0.004107048573750051
0.05109513355709294 2.9844794633825362 6.957828377040132 0.0002956326611281644
0.061174171559428725 0.05919341270918535 0.057342139905484424 0.05560816597792954 0.05398077495530381 0.052450508434013554 0.051008987786668646 0.04964876545082066 0.04836319994365988 0.04714635033661432 0.04599288677140416 0.044898014263349426 0.043857407561308584 0.042867155248632126 0.04192371160021989 0.04102385497565956 0.040164651741638 0.039343424889253804 0.03855772665195349 0.03780531454412994 0.037084130334097146 0.03639228154222835
0.010356465734243285 0.009762070261797836 0.009219367741493244 0.008722515997552104 0.00826647380276834 0.007846873184320115 0.007459914730251591 0.00710228131276939 0.006771066639406289 0.006463715805710602 0.006177975611204869 0.005911852856513355 0.005663579195379333 0.005431581394363322 0.005214456073039233 0.0050109481718608375 0.004819932533712695 0.00464039809624471 0.004471434281372536 0.00431221924040235 0.004162009671671699 0.004020131975165322
0.24560148612729038 6.135091769347255 1.2884343993923861 0.00016255843830992138
0.06214751137927801 0.06008853390697694 0.058163797195475285 0.05636079585184229 0.05466850723352183 0.05307718147123272 0.05157816562317411 0.05016375576059342 0.04882707201953798 0.04756195262257629 0.046362863638610995 0.04522482185485717 0.04414332861778913 0.0431143128862401 0.04213408205051142 0.04119927932225537 0.040306846703398604 0.03945399270811462 0.038638164147381145 0.03785702139690995 0.03710841666090408 0.03639037481990371
0.010039377000951031 0.009417048370626058 0.0088506355207078 0.008333755403942265 0.007860892505867197 0.007427263919189227 0.00702870780238437 0.006661590790599226 0.006322730832767092 0.006009332637145055 0.005718933463807996 0.005449357441531555 0.005198676934234576 0.004965179758819466 0.004747341277269662 0.004543800563131714 0.004353339985237026 0.004174867666868911 0.0040074023721481744 0.0038500604475799763 0.0037020445089274707 0.0035626336145796952
