0.04030634096871577 3.6980786177587377 8.531865867866445 0.00019288906271068017
0.050572713720809334 0.04880657765019227 0.04716223655284632 0.045627599560714924 0.044192114300881165 0.04284653146608415 0.04158271101750642 0.04039346173909255 0.039272407679613965 0.03821387640222406 0.03721280502248618 0.03626466083558554 0.0353653739708489 0.03451128001049939 0.033699070902290885 0.03292575280665456 0.03218860976663278 0.031485172287120666 0.030813190069450096 0.030170608276324885 0.02955554680688611 0.02896628214717803
0.00788321250795673 0.007389925019183117 0.006942493287344443 0.006535402078570669 0.0061639393483738135 0.005824060282677262 0.005512277353105942 0.005225570873264616 0.004961315817079216 0.004717221617254719 0.004491282385843359 0.0042817355504322085 0.00408702732245816 0.0039057837406912726 0.003736786286559121 0.003578951266164096 0.0034313123095800107 0.0032930054610644187 0.003163256431558931 0.003041369662870232 0.002926718915508059 0.0028187391425904844
0.19338023695110618 6.9940283350546615 1.689009634156475 0.00021027591002704369
0.053105596750176266 0.05121297523033232 0.04945074423517221 0.04780607137844497 0.046267730738221165 0.044825862710478385 0.04347177507457608 0.04219777736450074 0.04099704230330781 0.03986348934323603 0.03879168635262935 0.03777676627140536 0.03681435617039546 0.035900516634789416 0.035031689777130934 0.034204654492865104 0.03341648781817939 0.032664531448756993 0.03194636263908367 0.03125976883288636 0.030602725482206466 0.029973376600274448
0.007465263735331143 0.00696181272527277 0.00650706450069953 0.0060950459139192895 0.00572065518397543 0.005379516515918291 0.005067861739434818 0.004782433476910165 0.004520405553665725 0.004279317284731826 0.004057018982553102 0.0038516265799228367 0.0036614836904821746 0.0034851297639503904 0.003321273256426326 0.0031687689439172852 0.0030265986720962126 0.0028938549666205522 0.0027697270334256585 0.002653488762827634 0.0025444884193686628 0.002442139754482802
0.06463663479835435 4.682584043059748 5.541650367926139 0.00016107468495855072
0.05375144001979163 0.05186208989815645 0.05010233478729664 0.048459437539783795 0.04692225835391318 0.045481014873385274 0.04412708376301331 0.04285283572333007 0.04165149761949941 0.04051703671692022 0.03944406303529418 0.038427746626876806 0.03746374720670071 0.03654815405276062 0.03567743448256344 0.03484838952184025 0.03405811562892216 0.03330397153756649 0.03258354944210404 0.03189464987957517 0.0312352597701877 0.030603533164780705
0.007622846870309206 0.007126343994460145 0.006676877385490061 0.006268752467922392 0.005897100436013932 0.005557740427871226 0.005247067475347112 0.004961960931197031 0.0046997092550765925 0.00445794793843139 0.004234608036553622 0.00402787330636233 0.0038361443593752796 0.0036580085595007404 0.00349221464605157 0.00333765125981505 0.0031933287062147083 0.003058363413773987 0.0029319646452587384 0.002813423098424384 0.0027021010973799346 0.0025974241274250376
0.041244500094311465 3.591517226279116 8.390444138525657 0.00020016452224022892
0.05173641647794703 0.04994426260383906 0.04827499634532511 0.04671648578720529 0.04525813446918599 0.043890647652472393 0.04260583970461244 0.04139647446624727 0.04025613223950652 0.03917909839237238 0.03816026961395368 0.037195074660550234 0.036279407059140484 0.03540956772600688 0.034582215845307775 0.03379432665928822 0.03304315506645522 0.03232620412007546 0.03164119767724065 0.030986056576517842 0.030358877826088298 0.029757916369115008
0.008132846808436919 0.0076292351312708334 0.007172073270991215 0.006755813465526251 0.0063757106796559415 0.0060276875522407925 0.0057082250319579675 0.0054142732889515925 0.0051431787336105005 0.004892623909547949 0.004660577737112767 0.004445254125011446 0.004245077383412276 0.004058653193356306 0.0038847441373413656 0.003722248991582148 0.0035701851343812483 0.003427673546818599 0.003293925978798786 0.003168233930878972 0.003049959164437115 0.0029385255028641704
0.08069315560515822 5.487029062279324 4.184332506074753 0.00037183081424636274
0.05172828754729122 0.04988575136766194 0.048170438433778925 0.04656978400382994 0.045072803865225 0.04366985663035762 0.04235244712297601 0.041113062905254884 0.03994503768463437 0.03884243664001067 0.03779995971458978 0.0368128597083045 0.0358768726186871 0.03498815816481176 0.0341432488139858 0.03333900593772715 0.03257258196931848 0.031841387632995155 0.031143063474710714 0.03047545505426229 0.029836591264450745 0.02922466532967002
0.007564872907405425 0.007058327556763183 0.0066006575445978705 0.006185866525127428 0.005808835517710535 0.005465175723264628 0.005151108909393192 0.004863369706341454 0.004599125410422396 0.004355909848766768 0.004131568593824391 0.003924213382911248 0.00373218403791176 0.0035540165232709688 0.0033884160493037043 0.0032342343396628594 0.0030904503494549916 0.0029561538537893678 0.002830531433005835 0.002712854466217969 0.0026024688135863373 0.0024987859233585774
0.06495858389073084 4.975853772885925 5.338241807077537 0.00023016236765234656
0.05175508350372692 0.04991561579360774 0.04820328568400104 0.046605508151807314 0.04511128692438563 0.04371097438843939 0.04239607325070998 0.04115907181515936 0.03999330648386 0.03889284642686998 0.03785239640058214 0.03686721449842388 0.0359330422472026 0.035046044957749954 0.03420276063054391 0.03340005602888878 0.0326350887816678 0.031905274578137875 0.031208258679100924 0.030541891100082257 0.029904204929117127 0.029293397329264715
0.007460560961405715 0.006966601836299279 0.0065200309528026966 0.006115047934538715 0.0057467016966049915 0.005410747470551979 0.0051035307735923865 0.0048218927452853095 0.004563092524674961 0.004324743290685149 0.004104759314884082 0.0039013119344278205 0.0037127927852082603 0.0035377829714526984 0.003375027110962994 0.0032234114018744723 0.0030819450200989078 0.002949744286228277 0.0028260191440376728 0.0027100615755228817 0.0026012356440196166 0.002498968910765673
0.08648654004618983 5.048323509578378 3.95493679482479 0.00016862885598442615
0.05577830174797541 0.05384739793225017 0.05204690453283358 0.05036422266017946 0.04878830398273778 0.04730942256694998 0.045918985302230125 0.04460937360891167 0.04337381064430859 0.04220624939801042 0.04110127798445257 0.040054039159827144 0.03906016165734821 0.038115701384296846 0.037217090882335685 0.0363610957392758 0.035544776871118615 0.034765457779589025 0.03402069604168375 0.0333082584111024 0.032626099012395576 0.03197234019163896
0.008483943155847154 0.007934137156108153 0.0074358706157072185 0.006982996071158289 0.006570240732422661 0.00619306378876785 0.005847539706356638 0.005530262330508577 0.005238265723899116 0.004968958532595948 0.004720069337702593 0.00448960096823734 0.004275792155651665 0.004077085228325554 0.003892098795282958 0.0037196045672899013 0.003558507621904904 0.003407829545742187 0.0032666939889578264 0.0031343142490196916 0.0030099825672484396 0.0028930608755999114
0.13783437117158726 6.2103643599563645 2.4703318242975643 0.00024855288881710534
0.0545310011217882 0.052606350824766494 0.050813318049161574 0.049139043414920765 0.047572266019568765 0.04610308614194609 0.04472276839011466 0.04342357758710154 0.04219864129879881 0.04104183415495292 0.039947680084764445 0.03891126934862316 0.03792818784589776 0.03699445665235978 0.03610648011767153 0.03526100115468249 0.03445506259434738 0.033685973675448136 0.032951280896682804 0.0322487425876301 0.03157630666051525 0.03093209109122756
0.0077261491560627876 0.007210890536363917 0.006744987038194472 0.006322443061279315 0.00593812949710855 0.005587640486469197 0.00526717655879 0.004973448840482606 0.0047036001731836415 0.0044551398692136 0.004225889516199929 0.004013937774309409 0.0038176025242084837 0.0036353990489656316 0.0034660131891772056 0.0033082786132167734 0.0031611575055457324 0.003023724104565017 0.002895150624520994 0.0027746951789009906 0.0026616913897543814 0.0025555394217184084
0.22334869082748365 7.028085629446481 1.4062894021275962 0.0002545667922401744
0.054063133621668535 0.05215862223677874 0.05038412637531389 0.0487269665093319 0.047176036168095174 0.04572156889654265 0.044354944846039926 0.04306852946322802 0.04185553831361601 0.04070992329326878 0.03962627642990596 0.03859974821750089 0.03762597801365353 0.036701034492478676 0.03582136451468969 0.034983749071693576 0.034185265197729804 0.03342325293562288 0.032695286597057754 0.03199914968480566 0.03133281294779938 0.03069441512491415
0.008004028514544697 0.007471576007001709 0.0069900047412880025 0.0065531486041754015 0.006155730412303225 0.005793215335826139 0.005461691246474528 0.005157770582823251 0.004878509496435001 0.0046213409429358854 0.004384019078095612 0.004164572859748373 0.00396126717860959 0.0037725701722886467 0.0035971256378834644 0.003433729665262845 0.003281310777538535 0.003138912996526028 0.003005681356291432 0.002880849472670224 0.0027637288451853722 0.0026536996234112044
0.1725700083315742 6.749389339095572 1.8603583800805203 0.00015792651321575848
0.05298887372055179 0.051109566022476745 0.04935923354080051 0.047725231845773965 0.046196493412940964 0.044763292792841955 0.043417051926196416 0.04215017793266544 0.040955927309304016 0.039828291718386276 0.03876190151176571 0.037751943895939895 0.036794093237606774 0.03588445148064098 0.035019497020022335 0.034196040677580905 0.03341118766475535 0.0326623046114183 0.03194699089689141 0.031263053647082636 0.030608485866114025 0.029981447256486896
0.007810865524810508 0.007286979841928206 0.006813521960668797 0.006384337548165782 0.005994165657928388 0.005638490410262322 0.0053134201017813396 0.005015588198515329 0.004742071875915718 0.004490324696774231 0.004258120733848504 0.0040435079990976085 0.0038447694740974515 0.0036603903750830886 0.003489030552740441 0.0033295011376933423 0.0031807447100456365 0.003041818404857622 0.0029118794723727096 0.0027901728978066607 0.0026760207549437484 0.0025688130240585283
0.2153623700635079 7.263075728805425 1.4580080234982193 0.0001370844505677242
0.05211549073639601 0.050253380504162656 0.04851982495213362 0.04690214603581938 0.045389256156952475 0.043971419913741316 0.04264005682403486 0.04138757714429001 0.04020724456827058 0.03909306087168514 0.03803966856487168 0.037042268393635495 0.03609654913955171 0.03519862765382192 0.034344997442109844 0.0335324844236935 0.032758208733589006 0.03201955163394849 0.03131412676099775 0.03063975506380849 0.029994442897342145 0.029376362819198604
0.007529474014614566 0.007020275482988123 0.006560463439266458 0.006143965133226782 0.005765596046770369 0.00542091130243904 0.005106084763144951 0.004817810181148204 0.004553219993749436 0.004309818312130525 0.00408542538029005 0.0038781313463334363 0.0036862576280898935 0.003508324498746457 0.003343023788167784 0.0031891958086230775 0.0030458097825369194 0.0029119471843625138 0.002786787516215347 0.002669596123258144 0.002559713724448534 0.00245654739061145
0.18114431606040082 6.69565573840712 1.7380379439163833 0.00021425242727582966
0.05361433292756733 0.051727781220595556 0.049969899931378736 0.048328152471258545 0.04679155610328851 0.04535045196715792 0.04399631417655913 0.042721590568681626 0.041519569231018995 0.040384266128131216 0.039310330084239 0.038292962108954526 0.03732784662984673 0.036411092652153774 0.035539183229521466 0.03470893192054596 0.033917445139759285 0.033162089500559724 0.0324404634007868 0.03175037222643814 0.031089806651104272 0.03045692359252632
0.008179716111897418 0.007636117793974642 0.007144414134383043 0.006698322845840652 0.0062924663019706464 0.005922222544485525 0.005583603624375551 0.0052731557948379245 0.004987877259186736 0.00472515008901496 0.004482683633174893 0.004258467286325599 0.004050730913960614 0.003857911566852682 0.0036786253827895896 0.00351164378330844 0.0033558732400556478 0.003210338018749023 0.00307416541568995 0.002946573087930669 0.002826858147865709 0.0027143877495587145
0.22088932793615246 7.125402018768576 1.4138743633632362 0.000227324027244879
0.053199927946172225 0.0513158086516321 0.04956085293895066 0.04792241163141864 0.04638941136771689 0.044952120181845946 0.04360195311620633 0.042331310225447845 0.04113344092884071 0.04000232990678993 0.03893260070043347 0.03791943392722976 0.03695849761881714 0.03604588765691516 0.035178076656415085 0.03435186994322542 0.03356436751408921 0.032812931058936 0.03209515528301727 0.03140884289359557 0.030751982720176246 0.030122730522785236
0.007856667699255283 0.007330777199492798 0.006855420589389773 0.006424440448572565 0.0060325718412030755 0.005675294358694369 0.005348711487101986 0.005049451782026789 0.0047745875349785825 0.004521567537305881 0.004288161259536162 0.0040724123161363975 0.0038725995162173462 0.003687204138002802 0.0035148823303990527 0.003354441754967365 0.003204821748384208 0.0030650764185264417 0.002934360193909707 0.0028119154319490467 0.0026970617607536677 0.002589186885302398
0.03282432930983192 2.6733971364771913 11.039018323899132 0.00022462813968304656
0.05219791941199089 0.050430507118291945 0.048783969990766764 0.047246339474502026 0.04580717433395281 0.04445732516429624 0.043188741023837844 0.041994309685825314 0.04086772490611182 0.03980337553945409 0.03879625243279515 0.03784186986582631 0.03693619896079483 0.03607561099136867 0.035256828918693355 0.03447688579713352 0.033733088941742456 0.033022988948720924 0.03234435282001911 0.0316951405722212 0.03107348481441684 0.030477672864928848
0.008325728689372371 0.007846914679605623 0.007410612655993496 0.007011849006965219 0.006646365254914016 0.006310497048095663 0.0060010765298185295 0.0057153530434168225 0.0054509283243280165 0.0052057032180119174 0.004977833628147508 0.004765693902890218 0.00456784625045031 0.004383015069525654 0.0042100653075025 0.004047984136192403 0.0038958653732968267 0.003752896186787594 0.0036183457057111274 0.0034915552296615232 0.0033719297841917585 0.003258930813701186
0.20356031754687753 6.948898590465752 1.5385414531162294 0.00023489263404964043
0.053349612053789505 0.05146530984471602 0.04970990559983571 0.04807080336995705 0.04653697301510845 0.045098717775971256 0.04374748145188175 0.04247568764111159 0.04127660507521333 0.04014423429927856 0.03907321190000944 0.03805872922752345 0.037096463142688066 0.036182516785577844 0.035313368729682215 0.03448582918157969 0.033697002122876935 0.0329442524825662 0.03222517758308956 0.03153758222970697 0.030879456916029138 0.0302489587033383
0.007998905866301106 0.007465116065414151 0.006982477482571219 0.0065447745639256455 0.006146690185344572 0.005783657122969116 0.005451736877291206 0.005147520343362617 0.004868046015321872 0.004610732332121208 0.0043733214809906365 0.004153832526158253 0.00395052216025951 0.0037618517129366365 0.0035864593166441733 0.0034231363397813084 0.0032708073642662683 0.0031285131179692055 0.0029953958792706733 0.0028706869570090158 0.0027536959185649927 0.002643801295190826
0.037655730112611474 3.5024450576650077 9.204165998625028 0.00014212883932055313
0.05031002776162459 0.048556956182836244 0.04692489948479486 0.045401818436599864 0.04397721070924682 0.04264187469348154 0.04138771529645032 0.0402075833183825 0.03909514186547829 0.038044754664458065 0.03705139222301401 0.03611055261212427 0.03521819429181423 0.03437067890638785 0.03356472237172827 0.03279735289089508 0.03206587478368702 0.03136783721529771 0.03070100706951814 0.03006334534144619 0.02945298652977219 0.028868220594409296
0.007851053934614148 0.007365459780484528 0.006924747581810659 0.006523532827939133 0.00615721536598726 0.005821846267872122 0.0055140202946087 0.005230788496866161 0.00496958676330596 0.004728177080890496 0.004504598990012303 0.004297129263402277 0.004104248255672101 0.0039246116922774495 0.0037570269162844395 0.0036004328060251986 0.003453882729504986 0.0033165300219772 0.003187615568743562 0.0030664571515056733 0.0029524402777166303 0.0028450102615985022
0.0407872114928578 3.4469229108835635 8.552925755165884 0.0001880328081837111
0.052427955162329544 0.0506232367951326 0.04894185763084135 0.04737167474767737 0.04590207868834647 0.044523760433605127 0.043228519314609457 0.0420091037714936 0.0408590786308205 0.03977271392105415 0.03874489127978527 0.03777102480686328 0.03684699384093569 0.03596908562540539 0.0351339462149605 0.03433853827922883 0.03358010470360798 0.03285613708248664 0.0321643483572929 0.03150264897906375 0.030869126078721974 0.030262025212777047
0.008280410556598295 0.007773592784685499 0.007313176331446644 0.0068936495769722625 0.00651029521857576 0.006159057002745213 0.005836431760765053 0.005539381421985587 0.005265260902070483 0.00501175868403748 0.004776847607541992 0.004558743914276744 0.0043558730064147825 0.00416684069131043 0.003990408931734846 0.00382547531348141 0.003671055593717338 0.003526268813366648 0.0033903245521829353 0.0032625119814082395 0.0031421904301486615 0.00302878123100792
0.1956063502900014 7.099984905694038 1.6352901530885116 0.0001740923656736779
0.052257287116822634 0.05038971650933202 0.04865109689615233 0.04702870936124842 0.04551143077024637 0.04408949469236913 0.04275429344240677 0.04149821333648916 0.040314496922771184 0.03919712723525413 0.038140730118593445 0.03714049145263466 0.03619208671888088 0.03529162083564467 0.034435576573369084 0.033620770168624886 0.03284431300149053 0.032103578399377046 0.031396172790893004 0.030719910563833094 0.030072792087890744 0.029452984449995813
0.007484028483934977 0.0069777042770983455 0.006520502960902052 0.006106382593316391 0.005730185160115576 0.005387488674775491 0.005074486845198025 0.004787890689901349 0.004524847720470274 0.004282875251963551 0.0040598051303425055 0.0038537377288495843 0.003663003503060816 0.0034861307365466306 0.0033218183778619234 0.003168913081692339 0.0030263897351237882 0.0028933348838785797 0.0027689325804138207 0.002652452261736828 0.0025432383340933304 0.002440701197774549
0.050662722689434836 4.098047172733058 6.998625376151601 0.0002329697088568906
0.05287276939954325 0.05102624660849939 0.04930639017526822 0.04770072152992866 0.04619833423462128 0.044789656285855795 0.043466253867332334 0.04222066843722803 0.041046280784184104 0.03993719702673124 0.03888815256460596 0.03789443079279222 0.036951794015851996 0.0360564244925913 0.03520487393032589 0.034394020057318335 0.033621029149063786 0.03288332358251288 0.03217855365241441 0.03150457301373802 0.030859417219812228 0.030241284912236866
0.007829782565266875 0.007331687653872586 0.006880190098923167 0.006469683843588407 0.006095375103785101 0.005753146234353929 0.005439445273114966 0.0051511958183231244 0.004885723104351441 0.004640693055696893 0.004414061796746894 0.004204033629461486 0.004009025903674201 0.0038276395248964027 0.0036586340944254176 0.0035009068726987343 0.003353474911589473 0.0032154598240573895 0.003086074757362944 0.002964613214349655 0.0028504394302737183 0.0027429800635304716
0.05369039064021064 4.288464585827068 6.463535063591349 0.0002369775185220192
0.05267975436357765 0.05083732996176736 0.0491211890572608 0.04751891138916667 0.046019637590464076 0.04461383395810346 0.04329309808072598 0.04204999736092959 0.040877934177363934 0.03977103274262548 0.03872404372527295 0.03773226349123157 0.03679146543535982 0.035897841358211016 0.0350479512261711 0.034238679957958894 0.03346720012421217 0.0327309396427637 0.032027553710391975 0.031354900340150114 0.030711018977940527 0.030094111757566967
0.00794854731711534 0.0074386142306292966 0.006976586236920299 0.006556689984789341 0.006173988274256965 0.005824240253472844 0.005503787877543256 0.005209463193841741 0.004938512239799051 0.004688532265968789 0.004457419704933186 0.004243326850465835 0.004044625631763784 0.0038598771943957515 0.0036878062551171952 0.0035272793985110856 0.0033772866420461512 0.003236925722081345 0.0031053886538032287 0.0029819501985857482 0.0028659579370601857 0.0027568236985639565
0.04901806286229782 4.250737136759318 7.192174552014346 0.00020951360585942113
0.051253379527238276 0.04944311576246275 0.047758076337405385 0.046185822146941204 0.044715494067957766 0.04333757213602 0.042043677058241 0.04082640570543227 0.03967919404357892 0.03859620235275875 0.03757221864950089 0.036602577055629915 0.03568308850129364 0.03480998165543654 0.03397985237579457 0.03318962028686286 0.03243649134661765 0.03171792546506293 0.031031608400648426 0.030375427292532984 0.029747449293949586 0.029145902859548874
0.007476639362714385 0.0069945228603799136 0.00655800605208581 0.006161546381254295 0.005800412329257247 0.005470546168442292 0.005168452852268519 0.004891109550084422 0.004635891588926269 0.004400511511457226 0.004182968678354903 0.003981507393383483 0.0037945819525545175 0.003620827346389415 0.0034590345994090894 0.0033081299307524607 0.00316715707711402 0.0030352622436714363 0.002911681247683163 0.0027957284985639583 0.002686787521778402 0.002584302785130046
0.1927030112586895 7.252264707190276 1.656240680228328 0.00029043711025161887
0.05112813730264517 0.04928645082919261 0.04757273877417965 0.04597429818981774 0.04448003001132458 0.04308019723876818 0.04176622497610421 0.04053053422757602 0.03936640307091701 0.03826785015142619 0.03722953646787044 0.03624668222196704 0.03531499613127215 0.03443061510062516 0.033590052540010705 0.03279015392965385 0.03202805848379249 0.03130116596624032 0.030607107873875588 0.029943722336553853 0.029309032189872124 0.02870122576558084
0.007226397825679938 0.006732998276715858 0.0062878696302715795 0.005885025579626473 0.005519362839533774 0.005186512176704537 0.004882717436261657 0.004604736812076668 0.0043497618831373 0.004115350911206488 0.003899373642302496 0.0036999654314584193 0.0035154889579648158 0.003344502147550898 0.0031857311917255957 0.0030380477701209296 0.0029004497522934036 0.002772044791046909 0.0026520363275959265 0.002539711615673769 0.0024344314415511896 0.0023356212733910055
0.039593499477324046 3.596485229046353 8.606977299589019 0.000215708744251175
0.05078997596388787 0.04902500512951481 0.04738139700857067 0.04584713432623181 0.044411725576705544 0.04306597198644524 0.041801775617666875 0.040611980441351545 0.03949023999940588 0.03843090663952556 0.03742893835284293 0.036479820053093415 0.03557949676504385 0.034724316682320816 0.03391098244256542 0.033136509275026524 0.03239818892038965 0.03169355841857582 0.031020373017946478 0.030376582586893748 0.029760311012433364 0.029169838155004582
0.008088754355513922 0.007586481038681245 0.007130658910128742 0.006715723872785052 0.006336919490692924 0.005990160630951691 0.005671923141218845 0.005379154054488103 0.005109198084229169 0.0048597371281040675 0.004628740221305753 0.004414421931451334 0.0042152076096431184 0.004029704238723177 0.0038566758733811234 0.0036950228650304948 0.003543764220221247 0.0034020225645444717 0.003269011281866968 0.0031440234768984367 0.003026422471816148 0.0029156335982357586
0.13437233025886908 6.3666511472170075 2.507728389998252 0.00022744951044774745
0.05305680370715498 0.051167351134556595 0.049408027956608334 0.04776602993777868 0.046230155702896555 0.04479056710866679 0.04343859074723238 0.04216655268820548 0.040967640227300865 0.03983578569310345 0.03876556836071808 0.037752131300417505 0.036791110601942886 0.03587857489913797 0.03501097350407756 0.03418509176679158 0.033398012522918935 0.032647082690078474 0.03192988423441696 0.031244208859439484 0.03058803587590908 0.029959512799066158
0.007492427922978682 0.006987584925401963 0.006531551727258019 0.006118344391155227 0.005742851720005323 0.0054006896575149975 0.005088082751082272 0.004801767177048585 0.004538911033646534 0.00429704853051553 0.004074025415066619 0.0038679535268642084 0.0036771727999536214 0.0035002193684267264 0.003335798694090249 0.003182762843218784 0.003040091204449461 0.002906874071385984 0.0027822986186984418 0.0026656368850372565 0.0025562354442654413 0.0024535065017286905
0.24569244719072014 7.421290371702941 1.2616301461268045 0.00015499661680396708
0.052557432266196684 0.050683883903043195 0.048939443721901725 0.0473114021171474 0.045788641042703034 0.044361396018186255 0.04302105899154224 0.041760014217334565 0.04057150096032545 0.03944949810875856 0.0383886267723231 0.03738406771397375 0.03643149107326841 0.03552699631972069 0.0346670607566087 0.033848495200601465 0.03306840570717394 0.03232416040892566 0.03161336069352785 0.030933816077804106 0.030283522240422613 0.029660641762557963
0.00757711357580592 0.007066106811963588 0.006604539504006393 0.006186346998807314 0.005806349591569141 0.005460104829867474 0.0051437872783731495 0.004854090162049316 0.004588144529152986 0.004343452512803967 0.004117831991991642 0.00390937051204863 0.003716386759806408 0.0035373982290240595 0.0033710939791818705 0.0032163116019406053 0.003072017677085976 0.0029372911332281853 0.0028113090352909218 0.002693334406593055 0.00258270576250566 0.0024788280886835243
0.21696238277571278 7.215560021561675 1.4739754840550694 0.00015502239335813347
0.0527940838729482 0.05091059496653464 0.049156978307199985 0.047520441493500556 0.045989794971739724 0.044555212219983674 0.04320803112392958 0.04194058863518984 0.04074608246833443 0.0396184548794505 0.03855229456844181 0.03754275352833131 0.03658547627861737 0.035676539404694944 0.03481239971052922 0.03398984959923388 0.033205978542829175 0.032458139701201906 0.03174392091118021 0.031061119397445745 0.030407719663808914 0.029781874110926528
0.00747131878706245 0.006966945871690726 0.006511412934756423 0.006098723915186017 0.005723758385869002 0.005382125300481118 0.005070043952757615 0.004784246612557524 0.004521898517215463 0.004280531826740589 0.00405799086771522 0.0038523865452986636 0.003662058234265835 0.0034855417974634616 0.003321542645225602 0.003168912958616474 0.0030266323653678185 0.0028937914895980008 0.0027695779021646464 0.0026532640834562703 0.0025441970789408263 0.0024417895832583485
0.04351371179164787 3.854965109045804 7.856498275823572 0.00017965254342600594
0.05118498987477611 0.04939882178191854 0.047735476505328805 0.04618280846761535 0.04473021005660965 0.043368377626988336 0.042089118610269885 0.040885191616139384 0.03975017317496913 0.0386783461204132 0.03766460564825411 0.0367043798907242 0.03579356247125915 0.03492845499524974 0.03410571781930133 0.033322327748432655 0.03257554155541699 0.03186286441269392 0.031182022485371302 0.030530939061818117 0.029907713702427976 0.029310603972149313
0.00800149721657252 0.007497309982115832 0.0070401089420239135 0.006624244006305404 0.006244885775299481 0.005897887281264286 0.005579672006963506 0.00528714265888256 0.005017606436687389 0.004768713493170496 0.00453840600196198 0.004324875802766323 0.0041265290187887365 0.003941956369835998 0.0037699081605643493 0.0036092731237790054 0.0034590604564882187 0.003318384511306692 0.0031864517051535895 0.0030625492866095797 0.00294603566708242 0.002836332072390953
0.07938649053214941 5.35338812421078 4.209467527906863 0.0002459403937012063
0.052197573485628035 0.05034967932734065 0.048628785515934185 0.04702240646130275 0.045519620159732904 0.04411083406643271 0.04278759126522314 0.04154240917246801 0.04036864465453559 0.03926038070419997 0.03821233080363518 0.03721975786824964 0.03627840526735607 0.03538443789264693 0.03453439162235652 0.03372512982963129 0.03295380582461204 0.03221783031382497 0.0315148431175174 0.030842688513200225 0.030199393677820277 0.029583149786349097
0.007840061404825632 0.007319002528698813 0.006847897654526315 0.006420655373420753 0.006032070311044637 0.005677675340060205 0.005353621319711319 0.005056578744103738 0.004783656919840263 0.004532337240651631 0.004300417854527747 0.004085967581385921 0.0038872873763911827 0.0037028779754041063 0.003531412626971806 0.0033717140266096763 0.0032227347365880563 0.0030835405077480945 0.0029532960264590283 0.0028312526954149893 0.0027167381259758094 0.0026091470756177053
0.05121767805609778 4.1706861872402605 6.696245939287642 0.00012350180547382144
0.05246098848085102 0.05063117103095953 0.04892663425933411 0.047335064872456076 0.04584569664551223 0.044449077242705144 0.04313687555903229 0.04190172167957068 0.040737073249849404 0.03963710335274118 0.038596605992462105 0.0376109160673688 0.03667584132400144 0.03578760426522133 0.03494279236530708 0.034138315247123276 0.033371367718131435 0.032639397756191096 0.03194007869288387 0.03127128496926853 0.030631070942593975 0.030017652307284527
0.008094187248085105 0.007577907352240525 0.0071099573846588725 0.006684526588726966 0.006296644611015679 0.005942041059768974 0.00561703145179186 0.005318424081142654 0.005043443573284667 0.004789667821264528 0.004554975712530619 0.004337503601883715 0.004135608908611988 0.003947839544262947 0.0037729081341558264 0.0036096701973965246 0.00345710560942892 0.003314302797579449 0.003180445220884474 0.003054799766285226 0.002936706758304642 0.002825571331886249
0.17927381521938934 6.943900401002835 1.796518377973248 0.00019836336436884544
0.052285119116753744 0.05041797655160924 0.04867967665997615 0.04705751896327973 0.045540395483656404 0.04411855230248459 0.04278339210439162 0.0415273098312267 0.040343555230324235 0.039226117362934264 0.03816962713417986 0.03716927468368225 0.03622073908710922 0.03532012830166775 0.03446392767193307 0.0336489556183803 0.03287232537637809 0.032131411851130706 0.03142382281409802 0.030747373796528754 0.030100066141955 0.029480067766558607
0.007525807391261744 0.007017034037970896 0.0065575862241119606 0.006141401483154731 0.005763303615571335 0.005418854511640682 0.005104233570859115 0.0048161390990839525 0.004551707298004634 0.004308445406155376 0.004084176278009784 0.0038769922506606495 0.0036852165855566733 0.00350737111518528 0.003342148993593135 0.003188391661952662 0.0030450693087201567 0.0029112642379873752 0.002786156666842152 0.0026690125586555247 0.002559173168639388 0.0024560460342183863
0.055681886759457844 4.326912986005971 6.28297352208319 0.00016007982078100174
0.053169143028695076 0.05131136602145298 0.04958076594646691 0.04796485325621143 0.04645270531174932 0.045034730703735405 0.04370247442111485 0.04244845592506595 0.04126603388535195 0.04014929264129697 0.039092946458362775 0.038092258436011155 0.03714297153669051 0.036241249689268645 0.035383627302986664 0.03456696583265349 0.033788416279529464 0.03304538670830923 0.03233551401892469 0.03165663934036737 0.031006786518457 0.030384143255215077
0.007942360908986573 0.007432595845960245 0.0069707028488833955 0.006550917895138339 0.006168310549995069 0.0058186448628341604 0.005498266331392832 0.00520400955382997 0.004933122393608928 0.004683203397691661 0.004452149908382066 0.004238114847423496 0.004039470567392164 0.003854778489441595 0.0036827634999371975 0.0035222922778743774 0.0033723548825556116 0.003232049056175824 0.003100566795867051 0.002977182829848962 0.002861244696830977 0.0027521641799721826
0.18723600748536062 6.773414340483008 1.721280564049205 0.0003248828311227772
0.05390446078951724 0.05200154764005525 0.05022875083040318 0.0485733607570511 0.04702424707758094 0.04557162438696065 0.0442068578057373 0.04292230088109337 0.04171115978851775 0.04056737905036268 0.03948554494431991 0.03846080352421351 0.03748879076565825 0.0365655728163646 0.03568759470267718 0.03485163614126664 0.03405477334380113 0.033294345895270146 0.03256792794298751 0.031873303060613596 0.03120844225562859 0.03057148467413692
0.007904093423949349 0.007376858524270815 0.0069001245249352 0.006467757780965366 0.006074510790836635 0.00571587577676783 0.0053879652147241965 0.005087413891272094 0.004811298240918863 0.004557069621783024 0.0043224988860335045 0.004105630144023848 0.0039047420444018877 0.003718315224452372 0.0035450048464723883 0.003383617342969251 0.003233090658010868 0.003092477403416933 0.0029609304537849806 0.0028376905891075344 0.0027220758622316745 0.002613472423973881
0.08034508887160763 5.286442201906063 4.20469765708869 0.00021631260312301675
0.052918289760627645 0.051051375260511914 0.049312427795699575 0.04768889970113422 0.046169810624162 0.04474551343769328 0.04340750034117449 0.04214824142715896 0.04096104962072468 0.039839967156212984 0.038779669731806944 0.03777538524473746 0.036822824608640684 0.03591812262747308 0.03505778727585862 0.03423865603539232 0.03345785817674173 0.03271278207103548 0.0320010467707855 0.03132047722803875 0.03066908262151958 0.030045037349840188
0.00789911629463702 0.007376331001444873 0.006903484060623066 0.006474507036064506 0.0060842112114431164 0.005728141340631041 0.005402456550185857 0.005103832869818473 0.004829383081168468 0.004576590504240366 0.0043432540555767 0.004127442465107895 0.0039274559685485025 0.003741794128257768 0.003569128699456911 0.003408280667053516 0.00325820074355013 0.003117952750130428 0.002986699408318189 0.0028636901542102404 0.002748250655541451 0.0026397737671262156
0.05671356002218064 4.579803361833572 6.193975931723566 0.00018226468558796974
0.05193992211100565 0.05010308923330481 0.04839304592228957 0.04679724273580719 0.045304716271358986 0.04390584894419852 0.04259217067800765 0.041356194306492976 0.0401912782501486 0.03909151138593829 0.038051616072073066 0.03706686610117877 0.036133016988981775 0.035246246503871814 0.034403103736568644 0.03360046532218115 0.03283549767708582 0.03210562431391409 0.031408497460014666 0.030741973336139497 0.03010409055908111 0.0294930512194686
0.007515300542954285 0.007024837302627067 0.006581026019755894 0.006178186056401815 0.00581146664955237 0.0054767071490450046 0.005170323668560091 0.004889216655531992 0.004630695125579174 0.004392414246728431 0.004172323675520022 0.0039686245972765846 0.003779733847649607 0.003604253822476307 0.0034409471406117715 0.0032887152266598257 0.003146580140130401 0.0030136691041216354 0.0028892012874791894 0.002772476475118947 0.002662865326114306 0.0025598009715692743
0.036937474675780124 3.004473895059271 9.629184783926828 0.00017495880290491908
0.053013751947757565 0.05121197149057136 0.04953293607410247 0.04796457022682798 0.046496325913627665 0.04511894956919942 0.043824290281744 0.04260514093649479 0.041455105929749235 0.0403684904340098 0.03934020724471955 0.03836569804942053 0.037440866589895726 0.03656202168041425 0.035725828432857265 0.034929266346403545 0.03416959316379997 0.033444313591830845 0.03275115214097387 0.03208802946648002 0.03145304169649403 0.030844442317202524
0.008472220059101553 0.007971423806167088 0.007515624587857112 0.007099536169618456 0.006718630606336042 0.006369010935692214 0.006047308164193977 0.005750597389438826 0.005476329099734704 0.0052222725893801576 0.004986469105250535 0.004767192855466368 0.004562918405450609 0.004372293290887625 0.0041941149131740855 0.004027310967292525 0.0038709227968336383 0.0037240911852723054 0.003586044183445968 0.0034560866457108495 0.003333591205444355 0.00321799046747736
0.22262923482204022 7.267692143600922 1.410725249618079 0.0002913339996083475
0.05249596550395448 0.05062409765820904 0.04888124770626753 0.04725471255476799 0.04573338013326046 0.0443074914413913 0.04296844345186984 0.04170862502738006 0.040521279660498365 0.03940039012074819 0.03834058108368025 0.03733703659118156 0.036385429800779925 0.035481862962587145 0.034622815944491146 0.03380510193113522 0.03302582916683048 0.03228236780968634 0.03157232112384302 0.03089350036646015 0.030243902832075002 0.029621692603813466
0.007575624067903792 0.007064538229475099 0.006602914252690753 0.006184683059500638 0.005804661394019243 0.0054584039453383715 0.005142082970787099 0.004852389828221829 0.004586454051706536 0.00434177654404813 0.004116174183011519 0.0039077336981397075 0.0037147731110025598 0.0035358093726148582 0.0033695310996773287 0.003214775522819493 0.0030705089277849305 0.002935810004137699 0.002809855622978781 0.0026919086510436506 0.002581307477820042 0.0024774569884110473
0.0510763013769423 4.074083836371914 6.715960723760272 0.00019812698265022087
0.053028429485913915 0.0511883635567226 0.04947384324187347 0.04787256960181882 0.0463737842261673 0.04496803771214691 0.04364699826512191 0.042403292615916265 0.04123037312173597 0.040122406200742255 0.0390741782418436 0.038081015902303894 0.03713871830904028 0.03624349915429537 0.035391937052185046 0.03458093282170357 0.03380767260101896 0.03306959589023806 0.03236436777520308 0.031689854710980056 0.031044103346487537 0.030425321955858425
0.008268775741443636 0.0077451243220305116 0.007270231073037359 0.0068382610024068135 0.006444219527983047 0.006083812561265433 0.005753332790598065 0.005449566753646169 0.005169718502905883 0.004911346589343114 0.0046723117930918 0.004450733571166659 0.0042449536105189775 0.004053505200162547 0.0038750873905914716 0.003708543108819759 0.0035528405555295284 0.003407057336437101 0.003270366880245298 0.003142026775936413 0.003021368726899937 0.0029077898717514367
0.25890305699409877 7.5011504546751295 1.1692158191024302 0.00028184891457027315
0.05233680716036067 0.05047353728619366 0.048738535724096324 0.0471191884116701 0.04560445928692475 0.044184654559490374 0.04285122740867029 0.04159661535781086 0.04041410420425767 0.03929771364336599 0.03824210070376743 0.03724247787625072 0.03629454342014878 0.035394421806580235 0.03453861263565245 0.03372394666637614 0.032947547840072845 0.03220680037316169 0.03149932015319871 0.030822929800527688 0.03017563686283271 0.02955561469592511
0.0077089091619627365 0.007189755844238295 0.006720764541413459 0.00629578993657914 0.005909582266794564 0.005557638052161685 0.005236078542013934 0.004941550251299861 0.004671143191952166 0.004422323348108947 0.004192876671558113 0.003980862437319598 0.003784574238032668 0.003602507239095731 0.0034333305863751325 0.003275864071443536 0.0031290583284111083 0.002991977971162437 0.0028637871876447864 0.0027437373945023015 0.00263115662525708 0.002525440381856345
0.08322444983008181 5.482494632602108 4.170043075885628 0.00013498692412898734
0.052500794480790765 0.05063150079258107 0.04889123366476238 0.04726725475506778 0.045748427507309626 0.044324976340174564 0.04298828744764114 0.04173074316352268 0.040545583551641916 0.03942679019925069 0.038368988211235605 0.03736736319783692 0.03641759067219533 0.0355157757657954 0.03465840155976146 0.03384228464068687 0.03306453673855047 0.032322531504564246 0.0316138756487369 0.03093638378845222 0.030288056466628042 0.02966706088587235
0.007413778717496884 0.006917611111285535 0.0064692949209608904 0.006062962151144702 0.005693602992405291 0.005356921922625257 0.005049220748976267 0.004767303064193068 0.004508395815585703 0.00427008461986689 0.004050260174227212 0.0038470736677481145 0.0036588995268648137 0.003484304163708817 0.0033220196588842946 0.003170921517212225 0.0030300097988127253 0.002898393058177946 0.0027752746279485247 0.0026599408675813123 0.002551751064336848 0.0024501287283979125
0.18964084339709786 6.91809393731223 1.7003832475368306 0.00016435615748031074
0.05314436471580814 0.051256401077395784 0.04949817696907723 0.04785695640524706 0.046321593780799745 0.044882296728275366 0.04353042956829027 0.0422583495856983 0.041059269994109804 0.03992714471163426 0.03885657105079799 0.03784270719219849 0.03688120191443148 0.03596813452964062 0.03509996335304352 0.034273481337549615 0.03348577774760898 0.032734204942409036 0.03201634949728441 0.03133000702135432 0.030673160134906795 0.030043959156588456
0.007668617454986188 0.00715335176322815 0.006687765789204675 0.0062657865511840435 0.0058822241015823165 0.005532624681486585 0.0052131510773675074 0.0049204846710367124 0.004651744876779268 0.0044044225822846205 0.004176324921550363 0.003965529259504618 0.003770344697808671 0.003589279747722659 0.003421015080551459 0.003264380475315897 0.0031183352492997938 0.0029819515894725034 0.0028544003087496005 0.002734938636240232 0.002622899719385691 0.0025176835716037268
0.19012624777908105 6.988161453865395 1.758985240312641 0.0001959765687804878
0.053295334400053206 0.051391009841543496 0.04961815468112178 0.04796380352230204 0.04641661743393748 0.044966640311491266 0.043605097136443796 0.04232422607922128 0.04111713808940547 0.039977698928111344 0.03890042961574305 0.037880422063865 0.0369132672849105 0.035994994067118466 0.03512201639407518 0.03429108820105931 0.033499264311246744 0.032743866596946176 0.032022454574615576 0.03133279977537925 0.030672863341308417 0.030040776386693033
0.007238086889620217 0.006748458542595238 0.006306327108686625 0.005905851494245615 0.0055420450094778705 0.00521063243403244 0.004907933718699669 0.004630768896634502 0.004376379969502393 0.004142366446621565 0.003926631917781907 0.0037273395841574855 0.003542875094672397 0.0033718153657985124 0.003212902322458876 0.0030650207026526335 0.002927179230885769 0.002798494594858132 0.002678177763307202 0.0025655222659788403 0.0024598941236693645 0.002360723170492129
0.058795951534404756 4.56672767257316 6.013979105670965 0.00015128102636888837
0.05271166327711514 0.05085446857478617 0.04912505825048922 0.0475108268093621 0.04600075632128026 0.04458517684258536 0.043255568479516365 0.042004396976875566 0.040824976455857837 0.03971135426065396 0.038658213905347724 0.037660792914930755 0.036714812981861585 0.03581642035341756 0.034962134755827434 0.03414880547202006 0.033373573438392735 0.03263383842575981 0.03192723053094126 0.031251585336292555 0.030604922201084687 0.02998542523587077
0.007608966868508671 0.007114003213064101 0.0066659666832553695 0.006259163205364971 0.0058887273640118995 0.005550483423276493 0.005240832495688963 0.0049566604460102946 0.004695262332029417 0.004454280107295187 0.004231651015672196 0.004025564649514047 0.0038344270622526007 0.0036568306520149804 0.003491528787612228 0.0033374143484506793 0.0031935015080693605 0.003058910216549665 0.002932852937171917 0.0028146232729158527 0.002703586182958876 0.0025991695414968193
0.049395793659497755 4.110988401583501 6.971108820570802 0.00027597558562774126
0.052156907606134645 0.05033541342101089 0.04863885374621295 0.047054922643222204 0.045572864237825306 0.04418323841581008 0.042877727366166504 0.041648974976249094 0.04049045280708467 0.03939634769731384 0.03836146706249851 0.03738115874696844 0.036451242902839104 0.03556795385606701 0.034727890302927 0.03392797248509395 0.03316540523503014 0.032437645978921924 0.03174237694219843 0.031077480930577737 0.03044102016375172 0.029831217724009432
0.008008009157873525 0.00749795116383764 0.007035643050891614 0.00661533785947761 0.006232121417751875 0.005881772786521791 0.005560651018709249 0.0052656027591024375 0.004993886448034235 0.004743109829738373 0.004511178180277684 0.004296251217645961 0.0040967070792907795 0.0039111120803765696 0.0037381952222183797 0.0035768266213472726 0.003425999188296562 0.0032848130110030055 0.00315246199797841 0.003028222416687089 0.0029114430271370614 0.0028015365628578995
0.13640588807089626 6.496892317492559 2.3719413518065102 0.00020557159743181454
0.051839822686552677 0.049990139832664635 0.04826803195560634 0.04666092858273068 0.04515783495860527 0.04374909616732395 0.042426201794398176 0.04118162333873143 0.04000867822695626 0.03890141554997716 0.037854519626149954 0.036863228264781715 0.035923263208042996 0.0350307707068479 0.034182270565418324 0.033374612291865356 0.032604937234821406 0.031870645781717895 0.031169368852595792 0.030498943052019934 0.029857388946723868 0.029242892022726015
0.007655189857637516 0.007138160141506529 0.006671220256803568 0.006248217528071737 0.005863898282174975 0.005513757602216078 0.005193917055006035 0.004901024697565583 0.004632172918107191 0.004384830624192819 0.004156787027815111 0.003946104847648132 0.0037510811925547203 0.0035702147374563585 0.0034021780752986268 0.00324579434403165 0.0031000173981452425 0.0029639149301794896 0.0028366540563102005 0.0027174889673918868 0.0026057503172239246 0.002500836076782816
0.16981016327309895 6.655163000846123 1.9611272247834841 0.0002125760529948414
0.053959945794369704 0.052047536855830905 0.0502663042930588 0.04860339466884621 0.0470475566896125 0.0455889027377881 0.04421871115102962 0.042929261465319855 0.04171369646948742 0.04056590617981242 0.03948042982465645 0.038452372696956234 0.03747733533668143 0.03655135298339241 0.03567084361916228 0.03483256322590416 0.0340335671250731 0.03327117646448633 0.032542949076454074 0.031846654061170834 0.031180249555352337 0.030541863233102432
0.007620671675846133 0.007109927764559847 0.00664831315070543 0.00622983599611334 0.005849373679935274 0.0055025285876735995 0.005185510551793712 0.0048950405591736065 0.004628271513631941 0.004382722742186226 0.004156225628533889 0.003946878296218828 0.003753007684105932 0.0035731376859216824 0.003405962284669597 0.003250322817555962 0.0031051886697367566 0.002969640824955382 0.0028428578050790905 0.002724103614138144 0.0026127173699738966 0.002508104361318747
0.12000999502253629 6.220267391456742 2.7332081107494615 0.00027709639017078186
0.05217120106958865 0.050313882218222236 0.04858447142563241 0.04697038266493427 0.045460605648456935 0.044045470203245264 0.04271645110360728 0.041466005593632366 0.0402874374684675 0.039174782846361444 0.038122713744880916 0.03712645634160138 0.036181721402239846 0.03528464483537075 0.03443173671106927 0.03361983738273115 0.032846079593489785 0.0321078556438199 0.03140278885491709 0.030728708690909948 0.030083629007857167 0.029465728983477827
0.0076990018923747405 0.0071806355693778 0.006712364829992458 0.006288049530958277 0.0059024450036368305 0.005551052644540604 0.005229998284075487 0.004935932685545799 0.0046659497649875915 0.004417519071102094 0.0041884297952187585 0.003976744146910705 0.003780758371102366 0.003598970026785615 0.003430050418005163 0.0032728212813737554 0.0031262350037852124 0.002989357778944651 0.0028613552192989222 0.0027414800266822117 0.0026290613949484344 0.0025234958745088375
0.18255774250787626 6.756090529579161 1.79899151599408 0.0002482169155769668
0.05399750637690092 0.05208662176313161 0.050306651728089846 0.048644783974547266 0.047089801286609875 0.04563184440354688 0.04426221536098528 0.04297321357965002 0.04175799859701049 0.04061047458697104 0.039525192785530405 0.03849726870185288 0.03752231159362649 0.03659636415994101 0.03571585078223012 0.03487753294543191 0.0340784707137677 0.033315989331009585 0.03258765017353062 0.03189122541338586 0.031224675854073358 0.030586131488118302
0.007716419701134734 0.007200207562906959 0.006733569108923909 0.006310468010606786 0.005925742217977392 0.005574959138743022 0.005254297539342407 0.004960450777534721 0.004690547148473976 0.004442084026573632 0.0042128731805895995 0.004000995178774512 0.003804761221646418 0.0036226810695973873 0.0034534359921474275 0.003295855870968773 0.003148899751929351 0.0030116392715637055 0.002883244487672162 0.0027629717276554683 0.002650153135964725 0.002544187656997614
0.22485941391118103 7.018833644026346 1.4623608878769612 0.00021575511087809998
0.05494546205607841 0.05300525982043927 0.051197755836920454 0.04950998502525158 0.04793059373399148 0.046449600578617356 0.04505819802718754 0.04374858697313464 0.04251383815573675 0.041347775543697306 0.04024487777447393 0.03920019450731118 0.03820927515060125 0.037268107901302354 0.03637306741378389 0.035520869719043016 0.034708533259147904 0.03393334509863407 0.03319283153419259 0.03248473245394504 0.03180697890385093 0.031157673406007187
0.007617469682558059 0.00710933715657354 0.0066498815151525325 0.006233189564030672 0.005854202613930236 0.0055085752454741834 0.005192560078882516 0.004902913313590922 0.0046368169391537315 0.004391814391924093 0.004165757106491025 0.00395675993455283 0.0037631638125499595 0.0035835043797859717 0.0034164855011647225 0.003260956848406693 0.0031158948523660373 0.0029803864658019996 0.002853615277547311 0.0027348496007807937 0.0026234322241797327 0.002518771568317155
0.09940223890041977 5.678208434626658 3.5727656598863358 0.00016791320092029947
0.05408795079296669 0.052169956940895636 0.05038378873704202 0.04871649315186034 0.04715673744391487 0.04569456695472297 0.04432120449748726 0.04302888334918569 0.04181070754030969 0.040660534436957996 0.03957287561987795 0.03854281285393611 0.037565926561267955 0.03663823470092365 0.03575614034658939 0.03491638656424485 0.034116017440476626 0.033352344312701586 0.032622916414886585 0.03192549528433199 0.03125803238284688 0.030618649473985758
0.007380933655288685 0.0068877352473012575 0.006441957633364171 0.0060378101041824155 0.005670344331622311 0.005335314018681249 0.005029060632769497 0.004748419916022029 0.004490645031644801 0.004253343097285395 0.004034422542985063 0.0038320492625646798 0.003644609940579867 0.0034706812600888873 0.0033090039503238956 0.0031584608337363942 0.0030180581907913446 0.002886909887459319 0.002764223811616319 0.00264929024590923 0.002541471870263053 0.0024401951403446288
0.046350101819599865 3.9072149040630624 7.751577210160721 0.00020781447851136317
0.0523164712399857 0.05048725921377914 0.04878395090005185 0.04719408698008034 0.04570678660883 0.04431250718492225 0.04300284632795746 0.041770377729691915 0.04060851435921069 0.03951139388707555 0.03847378225837024 0.03749099216906898 0.036558813842648925 0.035673456007638514 0.03483149537413012 0.034029833222462336 0.03326565796863183 0.03253641277250132 0.03183976741721547 0.03117359381966093 0.030535944638684673 0.029925034535086055
0.007656307231512815 0.007172947292345169 0.0067346857562314115 0.006336094756044995 0.005972535360968644 0.0056400246025263 0.005335127781855883 0.005054870744020891 0.00479666802159816 0.0045582636665883365 0.004337682285537949 0.004133188324460162 0.003943252059049593 0.0037665210621195063 0.003601796166523777 0.0034480111346908396 0.0033042153977303782 0.003169559347237949 0.0030432817585073204 0.00292469900026459 0.0028131957473981487 0.0027082169626593193
0.18137454029703504 6.92154657918412 1.7095237389471891 0.0003326920378871373
0.05194541534392654 0.05009897701151747 0.04837948285866922 0.046774465602913255 0.045273015496967585 0.04386554797775317 0.04254361110664142 0.04129972518334153 0.04012724851528834 0.039020264560703025 0.03797348662485322 0.03698217704090355 0.03604207835805654 0.03514935452722106 0.034300540446036226 0.03349249852189042 0.03272238114979915 0.031987598194095995 0.03128578871847859 0.030614796335516115 0.029972647650113975 0.029357533356226293
0.007894049145840906 0.00736326590264382 0.006883690466236653 0.006449059250226085 0.006054019963682825 0.005693979975725829 0.005364982786205705 0.0050636069071393055 0.004786882703850124 0.004532223699072122 0.004297369579077778 0.004080338711170011 0.0038793884260995147 0.0036929816666953674 0.003519758877485494 0.003358514226179361 0.003208175419399618 0.003067786511773612 0.002936493216948534 0.0028135303170753615 0.0026982108383114363 0.002589916717417401
0.1858636392533055 6.947390680830972 1.6815641073234922 0.00012982333952425576
0.0522104026556122 0.05035442994381443 0.04862606329699929 0.04701276979876689 0.04550358234618115 0.044088866052053026 0.04276012465400147 0.041509839271042945 0.04033133345674225 0.039218659741076016 0.03816650381979259 0.03717010330603471 0.03622517855353102 0.03532787353074864 0.0344747050990107 0.0336625193460063 0.032888453865634715 0.03214990506825548 0.03144449976184269 0.03077007037179004 0.03012463327105705 0.02950636977759846
0.007835919826056748 0.00730902272964266 0.006832960865929046 0.006401515900851 0.0060093742633046815 0.005651976587430859 0.005325395063087516 0.005026233038871368 0.004751542457766213 0.004498755653193359 0.0042656287639332 0.004050194592694299 0.0038507231742258446 0.003665688664160917 0.003493741431346958 0.003333684450995274 0.0031844532662863912 0.0030450989218262113 0.0029147733810259147 0.002792717026835947 0.0026782479157646468 0.002570752512228563
0.07989056230919056 5.065974314500992 4.319344173513272 0.00021470049601958864
0.05448692949430093 0.052581759232533345 0.050806337024052954 0.049148019622039164 0.047595733623289053 0.0461397423523838 0.04477145254296581 0.04348325321077429 0.04226838070931537 0.04112080519253187 0.04003513466787185 0.03900653357318809 0.038030653400816364 0.03710357335869215 0.036221749429227984 0.035381970482991014 0.034581320342131024 0.033817144880421625 0.0330870234022869 0.032388743669745805 0.031720280049640545 0.03107977433839048
0.008076446973355885 0.007548121468210063 0.0070697845643582025 0.006635414657390878 0.006239855958287322 0.005878675661205989 0.0055480474359014004 0.005244655926086644 0.004965618096599181 0.004708418162528361 0.004470853519675886 0.0042509896274916005 0.004047122209875584 0.0038577454635750213 0.003681525219094224 0.003517276200777211 0.0033639426929447 0.003220582046784658 0.0030863505651031 0.0029604913844350506 0.0028423240405755215 0.002731235457571345
0.04311746918317383 3.698932534338442 8.143953212966434 0.0002696304589158222
0.05204849417231281 0.05024025927730149 0.04855613508015543 0.04698386340658333 0.04551273742183261 0.04413336560052073 0.04283747718112512 0.041617760906545676 0.04046773063904642 0.039381612801484334 0.03835425164480358 0.03738102915285108 0.03645779702735529 0.03558081869111887 0.03474671963794992 0.0339524447675119 0.033195221590177224 0.03247252838487189 0.031782066552321374 0.031121736535151705 0.030489616781230196 0.029883945312340728
0.007974464541135342 0.007477427450900095 0.00702640404200831 0.006615885951659734 0.006241162759924122 0.005898187720581778 0.0055834690140643285 0.005293981152350237 0.005027092397332704 0.004780504981628402 0.004552205624167628 0.0043404243699999056 0.004143600196573462 0.003960352148060006 0.003789455007776739 0.003629818713243492 0.0034804708714869436 0.0033405418533297834 0.003209252041741816 0.0030859008863333 0.0029698574779117464 0.002860552406914199
0.032421450173774846 2.6695895716512767 10.596811807762727 0.00022517848326639346
0.052026863247891485 0.05027711326081089 0.048646358168166134 0.047122885624688 0.0456964686582549 0.04435813812004143 0.04309999556486403 0.04191505845741479 0.040797131396678066 0.03974069841352917 0.03874083243815461 0.037793118836043686 0.03689359053330161 0.03603867273760208 0.03522513564256941 0.03445005380489649 0.033710771123206654 0.033004870539277434 0.03233014773622601 0.031684588232621436 0.031066347372420474 0.030473732792916465
0.008900946667564087 0.008388982030622457 0.00792241290544102 0.0074959426596443845 0.007105033085854677 0.006745776779280859 0.006414794002595896 0.0061091487988783645 0.005826280342128236 0.005563946431972325 0.00532017672919786 0.00509323385191647 0.004881580851733181 0.004683853896619278 0.004498839225149896 0.004325453622206231 0.004162727811638766 0.004009792276058612 0.003865865104870372 0.003730241544178382 0.0036022849803204553 0.0034814191355972664
0.04682019752282429 4.033188349378991 7.364418969299675 0.0003373142575949257
0.05159406311500528 0.049788786451863645 0.048107658228776704 0.046538411184240576 0.04507032893601603 0.043694010576869446 0.0424011764993794 0.04118450733881068 0.04003750968119807 0.03895440352805334 0.037930027544141875 0.03695975891703313 0.03603944528294212 0.03516534666454023 0.03433408575415031 0.033542605183546306 0.03278813066724439 0.032068139103249675 0.03138033087410448 0.030722605719777963 0.030093041658652064 0.029489876518438277
0.007905401151811427 0.007402771471740548 0.00694720645301013 0.006533032726531438 0.006155401361533152 0.005810149160474502 0.005493686239813913 0.005202904395706533 0.004935102006056825 0.004687922166149776 0.004459301474255887 0.0042474274340513745 0.004050702864664327 0.003867716037695112 0.0036972155166321912 0.003538088874796458 0.003389344626115374 0.0032500968283170045 0.0031195519178735 0.0029969974158048267 0.002881792207565227 0.0027733581519836193
0.1725746513627594 6.705203730293111 1.8724650200145052 0.00014456526857976548
0.05337357384411862 0.05148385865489499 0.049723657825828035 0.048080291160189886 0.0465426577131831 0.04510100092641664 0.04374671385998482 0.042472176869755685 0.04127062167921271 0.04013601703441335 0.03906297209508796 0.0380466544698177 0.03708272039740435 0.03616725504669601 0.035296721281062794 0.034467915532597725 0.03367792967115399 0.03292411794699832 0.03220406824281552 0.031515576998546874 0.030856627276953603 0.0302253695234709
0.007833637526320509 0.0073092588942891825 0.006835265805378325 0.00640551982351815 0.006014772042584877 0.005658515663460723 0.005332865787028319 0.0050344609302560754 0.004760381967770587 0.004508085119106073 0.004275346310299074 0.004060214788208666 0.003860974294598795 0.0036761104429019484 0.003504283205013119 0.0033443036245944793 0.003195114039504978 0.003055771228516201 0.0029254320036707277 0.002803340855067849 0.0026888193238571194 0.0025812568351580873
0.1871824198874541 6.601345805806463 1.7702843414294445 0.00033892339091910983
0.05547846940128491 0.05353318324978257 0.05172020966959452 0.05002669243349385 0.04844136446371889 0.04695431326955839 0.04555678612838769 0.04424102748307242 0.043000142592071376 0.04182798268088418 0.040719047789025305 0.03966840424831028 0.03867161431305508 0.037724675926374726 0.0368239709761121 0.03596622068962296 0.03514844705449154 0.03436793934443523 0.03362222498562852 0.03290904412579206 0.03222632737241702 0.03157217625195681
0.007961591212022424 0.007434630513934168 0.006957793805283102 0.006525034698360454 0.006131174426737097 0.005771759455016755 0.005442945119568525 0.00514140009763654 0.00486422762330917 0.004608900232208073 0.00437320548509787 0.004155200640574941 0.003953174653485784 0.003765616195019891 0.0035911866423803387 0.003428697185649198 0.0032770893584567456 0.0031354184261723683 0.003002839167372518 0.002878593666579373 0.0027620008028022875 0.002652447172452787
0.20364346589788562 7.111167435691891 1.5658061934248764 0.0002048534365992399
0.05262326872943491 0.05074732889020864 0.04900065931191286 0.04737053495999707 0.04584582419240702 0.0444167505113943 0.04307469521124007 0.0418120330744738 0.040621994920774306 0.03949855208847127 0.038436318919912255 0.03743047009679858 0.03647667028060755 0.03557101399448591 0.03470997406529948 0.03389035724973572 0.03310926591320559 0.032364064827634396 0.03165235231400396 0.030971935085425922 0.030320806252610428 0.029697126040569465
0.0075635650828940245 0.007053378735048755 0.006592557584093817 0.006175045780050397 0.005795671137056217 0.0054499976589418775 0.005134205481631157 0.004844992659882274 0.004579494447057275 0.0043352166522957975 0.004109980380280119 0.0039018760169648265 0.003709224759096288 0.0035305463251643367 0.0033645317525008408 0.0032100203961182654 0.0030659804121430326 0.002931492141947825 0.002805733919693233 0.0026879699116327017 0.0025775396646142658 0.002473849097149195
0.11103941280635965 6.282068748910749 3.102599747232939 0.00017618267885685703
0.051481273530044516 0.04962475265996236 0.04789745617497956 0.04628653029338715 0.04478074817803565 0.04337026393883955 0.04204640935427562 0.040801525015225625 0.03962881936263887 0.03852225045097509 0.037476426322796325 0.0364865207004488 0.03554820134370095 0.03465756892876302 0.03381110470538342 0.03300562550823481 0.03223824495449595 0.03150633986513891 0.030807521113526724 0.030139608239703564 0.029500607278598035 0.028888691340243924
0.0069812501223446115 0.006504547363091888 0.0060745295726744725 0.005685397147631463 0.005332208008607084 0.005010732493864104 0.004717335622466504 0.004448881079763959 0.004202652534911662 0.003976288858578378 0.0037677305438469353 0.00357517519984821 0.0033970404267763873 0.003231932723034839 0.0030786213431263734 0.0029360162356596425 0.0028031493574520693 0.002679158792019793 0.002563275206283559 0.0024548102638650496 0.002353146681359037 0.0022577296688976144
0.048695220731678646 3.85324332517595 7.33046960849299 0.00034494316750017525
0.05367369530679169 0.05181522817220802 0.05008366315421977 0.048466545409338174 0.046952984647076444 0.04553341909816437 0.04419942057799866 0.04294353260710393 0.04175913528294155 0.040640331924377916 0.03958185353348069 0.03857897791372903 0.03762746090431693 0.03672347767795927 0.03586357243514037 0.03504461513417847 0.03426376414133921 0.03351843388188172 0.03280626673162914 0.032125108517340774 0.03147298709897328 0.030848093592655463
0.00804839038179399 0.00754451388638318 0.007087284905974343 0.006671135183242597 0.006291298658392632 0.005943677548253753 0.005624733625720095 0.005331399460325763 0.00506100556611323 0.004811220299899646 0.004580000036330356 0.004365547670007969 0.004166277899185662 0.003980788059235763 0.0038078335190075106 0.0036463068454293023 0.003495220093419903 0.00335368969851089 0.0032209235455077233 0.0030962098633455113 0.0029789076581110754 0.0028684384461583447
0.0641294952984397 5.080658460508588 5.377466557963186 0.00018290375371871095
0.0508714689361543 0.049052888865671676 0.04736056304640103 0.04578193897093233 0.04430605562064247 0.042923301932753365 0.04162521744872685 0.04040432689003973 0.03925400218284878 0.038168346814644795 0.037142098457117176 0.03617054660605515 0.03524946262739815 0.034375040100370124 0.03354384374538935 0.03275276553982077 0.03199898687662939 0.031279945823337305 0.03059330870194711 0.02993694534282372 0.029308907473261592 0.028707409789549648
0.007292495850591732 0.0068062356582250134 0.006366906808342017 0.005968731894141485 0.005606784140632456 0.0052768434250700155 0.004975279576185202 0.00469895727633407 0.004445158169311814 0.004211516746751765 0.003995967326745491 0.0037967000072451425 0.0036121239163188173 0.0034408364227622654 0.0032815972372436794 0.003133306543527552 0.0029949864645291853 0.0028657652989424747 0.0027448640685331874 0.002631584999693088 0.002525301629964033 0.0024254502844104795
0.05236864951215525 3.8164180321046395 6.989035143652506 0.0003318728084723273
0.05553584254057436 0.053627691176907265 0.05184900708376757 0.05018716789776081 0.04863112596675881 0.04717117247789794 0.04579874234904771 0.04450625197164178 0.04328696358459544 0.04213487135805711 0.041044605269882954 0.04001134963892231 0.03903077379071463 0.0380989728127077 0.03721241673740316 0.036367906795411575 0.0355625376233574 0.03479366450698964 0.03405887489778563 0.03335596356955802 0.03268291088614211 0.032037863736877455
0.008151598789956615 0.007645039949584318 0.007185059269753 0.006766135881019418 0.006383538359742067 0.006033193981193301 0.005711582368122853 0.0054156485082641655 0.005142731240802941 0.004890504166954141 0.004656926593145992 0.004440202617638771 0.004238746859961271 0.004051155634850866 0.003876182608901025 0.003712718164169042 0.0035597718401076065 0.003416457342088838 0.0032819796981393414 0.003155624220392126 0.003036746988106826 0.0029247666179471445
0.03547501856223223 2.8111571509805175 10.027192274843388 0.00023498654270698752
0.05330172002283163 0.051503951758271084 0.049828338026758234 0.04826287932769182 0.04679709334515771 0.0454217834358796 0.044128848059404355 0.04291112298697425 0.041762249924767125 0.04067656655459079 0.039649014042256785 0.038675058871546354 0.03775062648897379 0.036872044734938554 0.036035995422618865 0.035239472731231604 0.03447974732323775 0.0337543352894822 0.033060971182636366 0.03239758452572269 0.031762279285176144 0.03115331588167553
0.008674900437173557 0.00817106852102234 0.007712079861799991 0.007292697066010098 0.006908431759052098 0.0065554189288342555 0.006230315271373039 0.005930216431823974 0.005652589224225012 0.005395215803476916 0.005156147434386524 0.0049336660125977845 0.004726251882469324 0.004532556797600755 0.0043513811028524085 0.0041816543986367425 0.004022419091086099 0.0038728163444727054 0.0037320740417886096 0.003599496430849831 0.003474455190608477 0.0033563816985587285
0.1431298810454138 6.71241415234398 2.21625292058946 0.00018935574684579757
0.0508058333561336 0.04898381035888367 0.04728795707241533 0.045705792383007045 0.04422640577822798 0.04284022132892912 0.041538802390614644 0.04031468917018704 0.03916126296575932 0.03807263216873083 0.03704353611167267 0.03606926362166618 0.03514558374793423 0.03426868661341701 0.0334351327214303 0.032641809352767906 0.0318858929324087 0.03116481644128803 0.03047624110737096 0.02981803173925563 0.029188235170773777 0.02858506137126648
0.007558662841580032 0.007045097523333633 0.006581552876642152 0.006161852696258325 0.005780727852167231 0.005433663924476092 0.005116777348971853 0.0048267142406186675 0.004560567348870634 0.004315807582513585 0.004090227298197879 0.0038818931315369844 0.0036891066039518817 0.0035103710931974888 0.003344364033878879 0.0031899134337333825 0.0030459779652785386 0.002911630030712314 0.0027860413084426863 0.002668470378276212 0.002558252093715871 0.002454788427584212
0.03871828725905213 3.5083061752408033 8.75396091327366 0.00022860408647201215
0.05083780018057058 0.049076887134961535 0.04743687589807223 0.04590580819719363 0.04447324292093882 0.0431300244913367 0.041868092122222034 0.04068032184268483 0.03956039494451525 0.038502687868392615 0.03750217958378865 0.0365543733212415 0.0356552301407537 0.034801112309361386 0.03398873484625395 0.03321512389904702 0.032477580857930406 0.031773651309092314 0.03110109808550814 0.030457877799909185 0.029842120347717164 0.029252110951780146
0.008210605395288584 0.007703944873092429 0.007243962893730337 0.006825083081327111 0.0064425370733805064 0.006092228241021023 0.005770621419736856 0.005474653147001913 0.005201658174151106 0.004949308974380744 0.004715565690972356 0.004498634520159217 0.004296932945239392 0.00410906056453085 0.0039337745090497625 0.0037699686437649127 0.003616655901905398 0.0034729532248059 0.003338068677512605 0.0032112903884263296 0.003091977023895088 0.00297954955916577
0.08371375071936293 5.7630700414341565 4.142984415247642 0.00026987475652918985
0.05088910813164391 0.0490542269235642 0.04734724284772363 0.04575540673549695 0.044267587814672035 0.04287402811345075 0.04156613969943029 0.0403363363923599 0.03917789338157223 0.03808482955527618 0.03705180841267635 0.03607405425720726 0.03514728101643625 0.034267631543484695 0.03343162565775774 0.03263611550325987 0.03187824705897669 0.031155426841618605 0.0304652930071452 0.02980569019217686 0.029174647546085168 0.028570359494249152
0.0069853273156982865 0.006510610277634001 0.006082291866673591 0.005694608892109546 0.005342651598865415 0.005022218806652317 0.004729700497370139 0.004461982153387471 0.004216366426783267 0.003990508690992447 0.003782363769282448 0.0035901417060472435 0.003412270889030026 0.003247367174422759 0.0030942079355787268 0.0029517101672500326 0.0028189119439809445 0.0026949566635287255 0.0025790796115540493 0.002470596468153303 0.002368893444584368 0.002273418793239311
0.04735572526995124 4.102729309008982 7.4243577883191865 0.0002597161539889498
0.0514704882730401 0.049660628626929625 0.04797567619365108 0.04640324585059552 0.04493252353243809 0.04355402697745628 0.042259408513558604 0.04104129158683086 0.039893134539686535 0.0388091165238956 0.037784041493929145 0.03681325704707528 0.03589258551669899 0.03501826522685845 0.03418690021236284 0.03339541702240439 0.03264102747637538 0.03192119644129521 0.031233613862068202 0.030576170406772095 0.02994693619569669 0.029344142169856684
0.007624233571292669 0.007136805166315941 0.0066952194189739455 0.006293927488384301 0.0059281900824932005 0.005593940725882991 0.0052876750402812206 0.005006360572780025 0.004747362955836912 0.004508385125225951 0.004287417037599825 0.004082693876328387 0.0038926611551459963 0.003715945454942582 0.003551329782731712 0.0033977327404998013 0.003254190848066251 0.0031198434878922116 0.0029939200382603417 0.002875728839967774 0.002764647704889208 0.0026601157257579596
0.19725730112167106 6.905672386709985 1.5692927018598635 0.00027056265212737376
0.053038931254329215 0.051166944353563754 0.04942294038080239 0.04779441989506355 0.04627043638988677 0.044841365906444317 0.043498715882903154 0.04223496577059463 0.041043433507080646 0.03991816314366439 0.038853829865288826 0.037845659377332634 0.036889359213906826 0.035981059981535835 0.0351172649175973 0.03429480643518356 0.03351080856090931 0.032762654361773426 0.03204795761089805 0.031364538067132505 0.030710399845848942 0.030083712442266743
0.008111786189018644 0.007570890537551482 0.007081789654400042 0.0066381942981171465 0.0062347236522900555 0.00586675525303864 0.005530302533873835 0.005221914431538221 0.004938592701753431 0.004677723520184789 0.004437020659683088 0.0042144780906920145 0.004008330285490321 0.0038170188471019716 0.003639164351708663 0.003473542505507629 0.0033190638855722793 0.0031747566688885135 0.0030397518616596393 0.0029132706278420344 0.0027946133860736085 0.0026831504011032223
0.2675634421999724 7.364055357194983 1.2022202166203342 0.0001596001985935878
0.054624760137193286 0.052689451182644634 0.05088685792053864 0.04920397894737239 0.04762943311829192 0.04615321842834197 0.04476651208639662 0.043461503914927806 0.04223125685658102 0.04106958964311568 0.03997097767404906 0.03893046892849559 0.03794361234447218 0.03700639658314822 0.03611519747977293 0.03526673279009887 0.03445802308771215 0.03368635786661012 0.032949266064567675 0.03224449035401985 0.031569964654395107 0.03092379440779606
0.007467730120953584 0.006967682665504153 0.006515703593622915 0.006105933630778134 0.005733363120377718 0.005393691111758556 0.005083210483726189 0.004798713844204574 0.004537416092151812 0.004296890407285629 0.0040750151117874035 0.003869929374552945 0.003679996138926768 0.003503770976329959 0.0033399758212186853 0.003187476742880583 0.003045265068479441 0.0029124412985130506 0.0027882013573848844 0.002671824803457462 0.0025626646889026754 0.0024601388131231527
0.13331374150723796 6.171980674786114 2.4680285160391 0.0002127031092461216
0.05385598884773164 0.051959113179861904 0.05019174458932844 0.04854125040151348 0.04699656571360031 0.04554796103039061 0.04418684943981895 0.04290562580640184 0.04169753203036091 0.040556543635514 0.03947727389570777 0.03845489245116539 0.03748505595026668 0.03656384871483493 0.03568773179515669 0.03485349907542195 0.034058239326914035 0.033299303297326006 0.03257427507950569 0.031880947129098385 0.031217298403729173 0.030581475181073577
0.008030943059948253 0.007496650821229414 0.007013426247969522 0.006575078821438362 0.006176310808397182 0.005812569980143429 0.005479929400653927 0.005174988843936098 0.004894793579562262 0.004636767171657287 0.004398655637016388 0.004178480852084068 0.0039745015232266695 0.0037851803678614054 0.0036091564165317996 0.003445221553848345 0.0032923005814672877 0.00314943421824563 0.0030157645585316578 0.00289052259475057 0.0027730174793121278 0.0026626272567452642
0.08959902151351706 5.401290335012217 3.971988131239822 0.00016341583195215678
0.054376311037455126 0.05245646280324393 0.05066822332962935 0.04899868965015179 0.04743656987838484 0.04597194273096 0.04459605830122808 0.04330117216536365 0.042080406571453885 0.040927633750190796 0.03983737738617031 0.03880472907035152 0.037825277168304514 0.036895046024009885 0.036010443804272305 0.03516821759637574 0.034365414618327955 0.033599348599885684 0.032867570553546055 0.03216784328560245 0.03149811910427301 0.030856520269570146
0.00752855864843619 0.007029208531227584 0.006577615231778226 0.006167971855245769 0.005795313396134321 0.005455376829894818 0.005144487158298936 0.004859464134701635 0.004597545552878445 0.004356323869188581 0.004133693609849322 0.003927807542938597 0.00373704000538198 0.0035599560962738964 0.003395285700196037 0.0032419015034100994 0.00309880032382011 0.0029650872015034085 0.00283996179736189 0.0027227067284104527 0.0026126775335497507 0.0025092940165932394
0.04373755084450848 3.8351129693622426 8.317181906709179 0.0002057908432325496
0.05157238310828698 0.04976156663193244 0.04807597947732964 0.04650316166282032 0.04503224137547115 0.04365369164393869 0.04235913007472367 0.04114115308264609 0.03999319792684859 0.03890942729559946 0.03788463228158062 0.03691415043778492 0.035993796263866375 0.03511980198902615 0.03428876692393222 0.03349761397598692 0.03274355217849405 0.03202404428938677 0.031336778680195125 0.030679644869341546 0.030050712162211855 0.029448210948858917
0.0074015005038291825 0.006934793610431787 0.006511683544432459 0.00612690754610204 0.00577597136933315 0.005455018936109622 0.005160726964850981 0.00489021927536375 0.004640996698090721 0.004410879435205816 0.004197959416914412 0.004000560726356777 0.0038172065729918606 0.0036465916080767958 0.0034875586195133395 0.0033390788336845538 0.0032002352014609253 0.0030702081637000427 0.0029482634853841474 0.0028337418224181924 0.0027260497451604866 0.0026246519911386264
0.22942209719913653 7.126710632626173 1.3817681712339858 0.00018657767888545778
0.053918733606848054 0.05201221629739211 0.05023623353568552 0.048578017896279004 0.04702639052522683 0.045571525115215665 0.04420475213780801 0.04291839565726494 0.04170563665547092 0.04056039803961678 0.03947724747127688 0.038451314912593994 0.03747822238130194 0.03655402387803002 0.03567515382458812 0.03483838265193036 0.03404077841747682 0.0332796735259399 0.0325526357854309 0.03185744315894194 0.031192061676188657 0.030554626056883524
0.00779177384962571 0.00727121359878759 0.0068005904712721945 0.006373829795530134 0.0059857359553436 0.005631846894624655 0.005308315448973007 0.005011812096030721 0.004739444892137174 0.00448869326568487 0.004257353034770599 0.004043490557854673 0.003845404348218223 0.0036615928138290085 0.0034907270447415016 0.0033316277762471458 0.0031832458197503227 0.0030446453840309584 0.0029149898142831776 0.002793529360588064 0.002679590655552729 0.0025725676360507763
0.11033775077039776 6.345241869364304 3.0064292792864773 9.672982403265095e-05
0.05054055197507007 0.04871731660716343 0.0470210114897246 0.045439009433144543 0.043960281630094675 0.042575155970938944 0.041275117328173336 0.0400526416594717 0.038901057515677344 0.03781442987649437 0.0367874622714481 0.035815413949800715 0.03489402949472666 0.03401947877471548 0.033188305519401225 0.032397383120935985 0.031643876513241485 0.03092520918347852 0.030239034533264462 0.029583210939590408 0.02895577997330777 0.02835494732136749
0.007185461123774925 0.006694477500843603 0.006251600107830265 0.005850850700821204 0.005487135184684171 0.005156093980800782 0.004853980619251353 0.004577562732008744 0.004324040919814838 0.004090981953646163 0.003876263529428853 0.003678028378884335 0.00349464599221767 0.003324680561164805 0.0031668640271658634 0.0030200733367917437 0.002883311178380815 0.0027556896102994485 0.0026364161000864334 0.0025247815809364875 0.002420150202119857 0.0023219505065864344
0.21637047318436864 7.17031390415254 1.4234253273646915 0.0002864488519276662
0.052426445131070164 0.05056467194492964 0.04883080469601597 0.047212290534460986 0.04569814375407218 0.04427871216616237 0.04294548345627508 0.041690923874578845 0.04050834321574772 0.039391781285015276 0.03833591201216263 0.03733596213010388 0.03638764192852818 0.035487086062634246 0.0346308027702593 0.033815630148897886 0.03303869838347032 0.03229739700873541 0.03158934644661373 0.03091237318590598 0.030264488075823603 0.029643867290001027
0.007853306245016015 0.007325974350023355 0.006849459403349014 0.006417552179452896 0.006024945945446669 0.005667086430432308 0.005340049579016191 0.005040441463568577 0.004765315957857996 0.0045121067167492365 0.0042785707331761185 0.0040627413068064135 0.0038628886976196744 0.003677487081172668 0.0035051866925867184 0.0033447902598760654 0.003195232996788655 0.0030555655605149713 0.00292493948785908 0.0028025947104859546 0.0026878488200991293 0.0025800878113180375
0.2564297243681114 7.41431002551388 1.2209853566887512 0.00021368343809012458
0.053312487117625075 0.051416920670607325 0.04965171219873242 0.04800405525594972 0.0464627438311108 0.04501793351195271 0.04366094356667739 0.042384092106659374 0.04118055813995308 0.04004426559749318 0.03896978540303153 0.03795225243136544 0.0369872948076775 0.03607097348170089 0.03519973039259464 0.03437034384564692 0.0335798899668885 0.03282570929920698 0.03210537776351744 0.03141668133866145 0.030757593919989244 0.030126257903743514
0.007567087799536116 0.007058280252360208 0.006598566470924213 0.006181940188431279 0.005803269252813638 0.0054581501234195855 0.005142789349442494 0.004853906559684527 0.004588654689125214 0.004344554084742226 0.004119437839922222 0.0039114062545749055 0.003718788744687488 0.003540111858958616 0.003374072322730433 0.0032195142368874443 0.0030754097240237536 0.0029408424454047677 0.002814993517289132 0.0026971294396028796 0.002586591718087481 0.002482787916235814
0.21305844043171207 7.005210520568819 1.4324809544779926 0.00033765586809427926
0.05312452446856258 0.05125267556226604 0.0495086334074547 0.0478799318662849 0.0463556516294476 0.04492619102449268 0.04358307580774549 0.042318800527811076 0.04112669559425043 0.040000815382118825 0.038935843635711904 0.0379270131656116 0.036970037408813924 0.03606105187765034 0.03519656388614103 0.034373409232734305 0.03358871475172293 0.03283986583402575 0.03212447817081244 0.03144037309788747 0.030785556020515723 0.030158197481929685
0.008198694952348247 0.007653131030528313 0.007159714394512681 0.006712124018280185 0.006304950341432802 0.005933544945046152 0.005593897845944897 0.005282536861749208 0.00499644470054374 0.004732990352920885 0.004489872078300631 0.004265069832256167 0.004056805414752485 0.0038635089590323525 0.003683790648721907 0.003516416762785208 0.0033602893165902512 0.003214428702024605 0.003077958837602408 0.0029500944264680496 0.0028301299904991734 0.0027174304057531614
0.04484574306794864 3.931033003449998 7.724622043321683 0.0002291975179833993
0.05137899023685557 0.049581600206623784 0.0479079523574093 0.0463457992649348 0.04488444528666749 0.04351451038377435 0.042227735438458 0.041016820874059425 0.03987529216817362 0.038797387210394475 0.03777796150322897 0.036812408015290295 0.03589658912752924 0.03502677860853684 0.034199611945593754 0.033412043668008096 0.03266131054641 0.0319448997497845 0.031260521201640946 0.030606083505930335 0.029979672918402468 0.029379534924929573
0.007856869221130689 0.007359567844094043 0.006908742010301934 0.0064987917078491945 0.006124931460765467 0.005783052994703188 0.005469614013149132 0.00518154759700849 0.004916187995873483 0.004671209525692867 0.004444576005987016 0.004234498718792894 0.004039401293823636 0.003857890251160766 0.003688730187251561 0.003530822789222304 0.00338318901937887 0.0032449539359150513 0.003115333714606457 0.0029936245152099223 0.002879192899687128 0.0027714675605165513
0.05566658344328068 4.4636901539774305 6.176059135611857 0.00015198012842954447
0.05218720062672855 0.05035378333081721 0.04864631522763074 0.04705238775782736 0.04556115359926396 0.044163091227222964 0.04284981037830813 0.04161389044725246 0.04044874555498942 0.03934851133794118 0.038307949521754335 0.03732236713052022 0.03638754779878129 0.03549969313853294 0.034655372497126885 0.03385147974723878 0.03308519599417058 0.03235395728194254 0.03165542653805156 0.030987469125290518 0.030348131473743024 0.02973562235175848
0.007868223613613274 0.007358832838703168 0.006897580446009943 0.006478639946926577 0.006097031193851706 0.005748478623853324 0.005429296150325068 0.005136293188306336 0.004866697537118296 0.00461809178380123 0.004388360608863517 0.004175646927777753 0.003978315228413699 0.0037949207964459147 0.003624183780237439 0.003464967250641232 0.0033162585722765654 0.00317715353074623 0.0030468427622877634 0.002924600114106551 0.0028097726294378862 0.0027017719045681066
0.18192597418484424 6.853676431494067 1.766895271170732 0.00017178422045055226
0.052993642866875086 0.05111169020732201 0.04935902824313976 0.047722968546603815 0.046192406698290556 0.044757586158927595 0.04340990254975231 0.04214174061131279 0.040946337732509254 0.03981766919558569 0.03875035125802166 0.03773955895515018 0.03678095610740699 0.035870635490671564 0.03500506750539269 0.034181055981555804 0.03339569999846471 0.032646360793404716 0.03193063299129595 0.03124631951602449 0.03059140964918459 0.02996405978813035
0.007725991801365109 0.0072070477360151415 0.006738121878292242 0.006313101883607597 0.005926763863894726 0.005574624691842843 0.005252821655073361 0.004958013923408203 0.004687301500899314 0.004438158261418527 0.00420837638165652 0.00399602003972018 0.0037993866794332645 0.003616974478620085 0.003447454925689322 0.0032896496190896155 0.003142510571121636 0.003005103430674306 0.002876593146011134 0.0027562316744030343 0.0026433474145556904 0.002537336093813584
0.23667066894060274 7.200256484716775 1.3362036504002357 0.0001280650636116119
0.053804742922201096 0.05189981340225385 0.050125442625625814 0.0484688477805833 0.046918838158072115 0.04546557836093615 0.04410039194242849 0.042815597757639275 0.04160437292675764 0.04046063755875374 0.03937895735662539 0.03835446098658899 0.03738276969272686 0.03645993711266517 0.03558239762689167 0.03474692187567613 0.033950578319577 0.03319069991478165 0.03246485513277537 0.03177082268263071 0.03110656939947394 0.030470230849061232
0.007733349440779837 0.007215934210371765 0.0067482203786609855 0.006324154020520654 0.0059385584122964045 0.005586988652451477 0.005265613123051756 0.004971116374097565 0.004700619191928491 0.004451612518340958 0.004221902585925039 0.0040095651773437565 0.003812907339063771 0.0036304352113109154 0.003460826896805698 0.003302909497071729 0.0031556396089392454 0.0030180867045704503 0.0028894189230492893 0.0027688908858154106 0.0026558332162541507 0.002549643498910334
0.06362504027826532 4.996070899196804 5.21893460632658 0.0001538497444680535
0.0509180698033435 0.049111014165845374 0.04742868012502238 0.04585874062383111 0.04439042224668372 0.04301427084398034 0.04172195783874909 0.04050611930410455 0.03936022159127595 0.03827844858732265 0.03725560668657354 0.036287044341876906 0.03536858367400884 0.03449646209968562 0.03366728232032959 0.03287796931756169 0.03212573324446369 0.03140803729707065 0.030722569808405337 0.030067219935450584 0.029440056413841998 0.02883930894049405
0.0077576495406259695 0.007244210937342764 0.006779988778158544 0.006358966127900019 0.005976005682299484 0.005626701965332102 0.005307261319269185 0.005014403949355818 0.004745283567400132 0.004497421154098333 0.00426865010654217 0.004057070612132271 0.0038610115351116452 0.003678998448330354 0.0035097267139249733 0.003352038729807351 0.003204904627384337 0.0030674058397728013 0.0029387210665603146 0.002818114246739904 0.0027049242203243335 0.0025985558148111736
0.07149518365247187 5.021805780594145 4.914164461126523 0.00029634709623716567
0.05314894182139985 0.051270706406631034 0.04952159519962583 0.047888899923100706 0.04636150678006532 0.04492965706884409 0.04358474913874109 0.04231917369013951 0.041126176122368574 0.039999740940896894 0.03893449424886223 0.037925621137854686 0.03696879541217703 0.03606011956910457 0.03519607334476896 0.03437346944377371 0.03358941531771807 0.03284128005664633 0.03212666561820996 0.031443381749904166 0.030789424066246567 0.030162954830002902
0.007586330230765798 0.0070859587504648784 0.006633366593546071 0.0062227381468319175 0.005849103793093232 0.005508198540853986 0.005196347077261888 0.00491036982429012 0.00464750578130603 0.004405348854151301 0.004181795074308616 0.003974998654354209 0.0037833352467897454 0.003605371101565263 0.0034398370748764022 0.003285606644487583 0.0031416772472584024 0.003007154382131474 0.0028812380237591153 0.0027632109737211526 0.0026524288421755507 0.00254831140609063
0.04906017935192908 4.001987138285694 7.091036470541166 0.0001468415882756865
0.05276312501876267 0.05092803107194514 0.04921850610011182 0.04762220695179588 0.04612834256547576 0.04472743969329483 0.04341114941918938 0.04217208649400252 0.04100369522864295 0.039900137002877874 0.03885619546287657 0.037867196269108123 0.03692893887224657 0.036037638278962406 0.03518987515227143 0.03438255289539722 0.033612860611255596 0.03287824102495998 0.032176362614357606 0.0315050953214054 0.030862489321280374 0.030246756411264775
0.008078344156430687 0.007567544565952071 0.007104328549141062 0.006682991175257657 0.006298651753933144 0.005947116020980623 0.005624764268553376 0.00532846002836015 0.0050554751349293214 0.00480342791830101 0.004570231978543366 0.0043540535337474205 0.004153275749353353 0.003966468779789848 0.0037923645057123642 0.003629835148212043 0.0034778750977079737 0.0033355854192566874 0.003202160594877675 0.003076877142676296 0.0029590838162525026 0.0028481931393639463
0.07795567460122088 5.362436175437553 4.459220854407132 0.00011556480703761208
0.05228271385031694 0.050420720234149015 0.048687351228436836 0.047069894497026615 0.045557238392336184 0.04413963091624513 0.042808480411022726 0.0415561898925089 0.04037601865945168 0.039261966137730316 0.038208673944136864 0.037211342953734045 0.03626566278126904 0.035367751580870375 0.03451410445951585 0.033701549111432645 0.032927207530110976 0.0321884628553433 0.031482930574934787 0.030808433432438748 0.030162979499658415 0.02954474296058174
0.007395016283602934 0.006900888127983451 0.006454392008985766 0.006049685368849252 0.005681780891595447 0.005346402879974396 0.00503987057765131 0.0047590028949032305 0.0045010402280691005 0.004263580002116642 0.00404452328576079 0.003842030383810934 0.003654483741914734 0.003480456834404077 0.0033186879688188718 0.003168058147647073 0.0030275722915474096 0.0028963432584484593 0.002773578196804955 0.0026585668545915913 0.002550671532687677 0.0024493184255338606
0.19516416343627252 7.119515888207118 1.6325296777532132 0.00016276834824148368
0.052047502688541615 0.05018593100618486 0.048452979094880666 0.04683595253105219 0.04532375062183033 0.04390662748081433 0.04257599422398239 0.04132425437434466 0.04014466623346098 0.0390312272664967 0.0379785765480465 0.036981912097438764 0.036036920546057026 0.03513971706397454 0.03428679385804062 0.033474975860623375 0.03270138247441715 0.03196339443705527 0.031258625029763475 0.03058489498473375 0.0299402105523651 0.029322744276769813
0.007479449756485647 0.0069729627400145575 0.006515656138473773 0.006101475872730182 0.00572525430616175 0.005382561799964119 0.0050695859599218145 0.004783032927161599 0.004520046307217708 0.004278140282260279 0.004055144182852101 0.0038491563615392216 0.003658505650671083 0.0034817190307767 0.0033174944059063322 0.0031646775954358524 0.0030222428207179832 0.002889276099411802 0.0027649610678124785 0.0026485668378002513 0.0025394375645903374 0.002436983457759244
0.22454833249565564 7.363155017475049 1.3595049161220711 0.00019868096200020783
0.05154569426106632 0.0497039623558399 0.04798937899378082 0.046389404642268525 0.04489307287052679 0.04349075469159999 0.04217396343293682 0.040935192343564006 0.03976777878900758 0.03866579015358852 0.03762392755487771 0.036637444244693236 0.03570207617562042 0.03481398268958752 0.03396969566421351 0.03316607575524008 0.03240027461601624 0.03166970217050432 0.030971998174502614 0.030305007428394124 0.02966675810971956 0.02905544277992159
0.007652056605079196 0.00713459398824743 0.0066673180125306035 0.006244057611283418 0.005859544332776606 0.005509261340005606 0.0051893205514929 0.004896362189211789 0.0046274722594586044 0.004380114456961342 0.0041520737249389796 0.003941409278347397 0.0037464153444150728 0.003565588223878035 0.003397598550687473 0.003241267844474658 0.0030955486216931675 0.0029595074680205313 0.0028323105838837476 0.0027132114027247573 0.0026015399523698812 0.0024966936871300026
0.05147125027292754 4.070040562004088 6.926882161931896 0.0002113487537954566
0.05339192295336182 0.051532308283058284 0.049799992160190154 0.048182460107132896 0.04666877097362538 0.0452493195657787 0.0439156405789219 0.04266024576479765 0.04147648799995574 0.04035844725293744 0.039300834474710375 0.038298910234362896 0.03734841554538503 0.03644551281792816 0.03558673525994031 0.03476894335816828 0.033989287316264896 0.033245174525047334 0.032534241299623595 0.031854328247587826 0.031203458737960873 0.03057982002684097
0.007889160689987434 0.00738882364413419 0.006935173524268841 0.006522607442042617 0.006146332318706727 0.005802229502134981 0.0054867448553431565 0.005196799028739565 0.0049297138216308056 0.004683151442443247 0.004455064166397641 0.004243652418313611 0.004047329716606366 0.0038646932317054237 0.00369449895984605 0.003535640707721253 0.0033871322370561674 0.0032480920400163255 0.0031177303135111667 0.002995337778274076 0.002880276051218364 0.0027719693301737802
0.03276280702811618 2.8241078827202646 10.848135740633396 0.0001858670038410061
0.051240225171180216 0.04949213740422898 0.0478639905471869 0.04634387939291752 0.04492142055765019 0.043587517581672855 0.04233416807255642 0.041154304402651866 0.04004166136774413 0.03899066564794231 0.03799634300585607 0.03705423999783976 0.03616035762482402 0.035311094856361795 0.03450320035925187 0.033733731075983694 0.03300001654740661 0.03229962807292021 0.03163035196110328 0.030990166252455483 0.030377220400295557 0.02978981748085894
0.00822411990304333 0.0077431314807387755 0.007305255985785388 0.006905417069334815 0.006539271221873971 0.006203083503059789 0.005893627297372137 0.005608102915256051 0.005344071084078561 0.0050993982846993646 0.004872211573449841 0.00466086104665803 0.00446388849910246 0.004280001130377909 0.004108049387010707 0.003947008210073652 0.0037959611004447246 0.003654086525981476 0.00352064628368286 0.00339497550061991 0.003276474014016312 0.0031645989163917414
0.03950279309194238 3.371853595408246 8.75596073949784 0.0001458567601824703
0.052179728728215156 0.05038681200052829 0.04871638722826233 0.04715639383438906 0.045696295064296705 0.04432684622609538 0.043039903694740866 0.04182826661041827 0.04068554496475155 0.03960604911254469 0.03858469677898286 0.03761693443042814 0.03669867049829895 0.03582621843227373 0.03499624794267937 0.03420574309601433 0.033451966169937515 0.03273242636827232 0.032044852652992006 0.03138717007673392 0.030757479102307746 0.030154037479711394
0.008369559130101826 0.007859740364127845 0.00739648076211015 0.006974257478882779 0.006588343276286011 0.006234672985737195 0.005909735352864915 0.005610484912979018 0.00533426977783898 0.0050787721402036105 0.0048419590039700585 0.00462204118260321 0.00441743901926942 0.0042267535994925795 0.004048742473966884 0.003882299102229567 0.0037264353797841652 0.0035802667314085894 0.003442999348915645 0.0033139192279804867 0.0031923827199584172 0.0030778083640781023
0.23271830851057707 7.407226039231119 1.3559843821835724 0.0003026751660552726
0.05225812968602086 0.050387439439758375 0.04864609112799284 0.04702130975785753 0.045501925371486965 0.04407813224452324 0.04274128956014434 0.04148375557244596 0.04029874895970142 0.03918023236949489 0.038122814168078056 0.037121665195259564 0.03617244794570593 0.03527125608673393 0.03441456261097178 0.03359917523203552 0.03282219787969643 0.03208099735103071 0.031373174335874124 0.030696538166417552 0.030049084748104547 0.029428977216936377
0.007373385338010458 0.0068736975055628605 0.006422567256789034 0.006014012292906991 0.005642927011093437 0.0053049355560353135 0.004996272310651963 0.004713684224203516 0.004454350609089548 0.004215816981162567 0.003995940244272 0.003792843081173843 0.003604875849390112 0.00343058462159543 0.003268684277815461 0.003118035767884676 0.0029776268299339884 0.002846555583852464 0.0027240165251179362 0.002609288529837106 0.002501724550699644 0.0024007427392694863
0.05507613576240389 4.377011924295816 6.5273175863333535 0.0002925304689904353
0.05278715845443754 0.050929468855526745 0.0491996928780423 0.04758519335878966 0.04607492825687792 0.04465920922774724 0.043329502310448194 0.04207826248543474 0.04089879563599291 0.03978514280715251 0.03873198270565466 0.03773454919961699 0.03678856121334901 0.03589016291327793 0.03503587247657061 0.03422253804847467 0.03344729974562548 0.032707556764296424 0.0320009388153424 0.031325281239538046 0.03067860326445333 0.030059088951872093
0.007516367525182744 0.007030937909586482 0.006591365237414987 0.006192093549484626 0.00582837576965358 0.005496137754793301 0.005191868016747465 0.004912527774870961 0.004655477204443198 0.004418414660307919 0.0041993263520012265 0.003996444481321436 0.0038082122660129196 0.0036332545936644083 0.0034703533000948403 0.003318426262877444 0.0031765096556056406 0.0030437428313845006 0.002919355401948459 0.0028026561571945466 0.0026930235329571867 0.002589897385761629
0.04221993483621567 3.888594320163839 7.8729687963394595 0.00010566306123886194
0.05025445181673824 0.04849752162062427 0.046861555008720045 0.04533457593468737 0.043906126578889336 0.0425670360993463 0.041309230051659596 0.040125572439132534 0.039009734106025 0.037956082523848 0.03695958904833175 0.03601575052010845 0.035120522701767354 0.03427026352962729 0.03346168454154182 0.03269180914575279 0.03195793663795919 0.031257611067850126 0.030588594212688103 0.029948842042063595 0.02933648416082756 0.028749805801236095
0.008080640307823583 0.007569694544870197 0.007106483575053398 0.006685255434671581 0.006301095094098574 0.005949783256993385 0.005627682029186104 0.005331641804175705 0.005058925007334187 0.004807143316750777 0.0045742057190875955 0.004358275324446141 0.0041577332991427785 0.003971148611762364 0.003797252549738084 0.00363491716870105 0.0034831369981969257 0.003341013455043433 0.0032077415171457065 0.0030825982917406704 0.002964933177206225 0.002854159370133284
0.03798259933780623 3.2385226784154306 9.047568445205403 0.00020552693952123716
0.05213642355307376 0.05035272581869219 0.048690712236351394 0.04713841089588552 0.045685362384719604 0.04432238963333596 0.043041408283041496 0.04183526954280716 0.0406976292602818 0.03962283827169208 0.03860585012347923 0.037642143053153956 0.03672765373513054 0.03585872078143817 0.03503203636862296 0.034244604664393476 0.033493705968398374 0.032776865674449575 0.032091827316845144 0.03143652908912936 0.03080908332579462 0.030207758520853105
0.008518990238935362 0.008005148873311814 0.007537977896266837 0.007111960106350023 0.006722371715583084 0.00636514922651635 0.006036781632451866 0.005734222593016058 0.005454818471104857 0.005196249043969733 0.0049564784024843525 0.0047337140870746105 0.004526372918884233 0.004333052301481475 0.004152506014578846 0.003983623713711302 0.0038254135011783806 0.0036769870532430316 0.00353754688372399 0.0034063754001371943 0.00328282546957601 0.0031663122607533136
0.05050350096220857 3.8316679203821313 6.9880396924811 0.00026433818534052524
0.05454011552157424 0.05266522860539275 0.050917591085882036 0.049284793297910946 0.04775597415873488 0.04632158915252873 0.044973218421415884 0.04370340717659526 0.04250553230850315 0.04137369035353723 0.04030260296314955 0.03928753678992902 0.03832423530707504 0.037408860551486046 0.03653794315587367 0.035708339334013815 0.0349171937222881 0.03416190717292903 0.033440108749753214 0.03274963130331041 0.03208849010523974 0.031454864105863935
0.008388408474298932 0.007866026856325996 0.007391744284034693 0.0069598539562596646 0.006565465656659299 0.006204370456716014 0.005872930668039941 0.005567989841401797 0.005286798775799395 0.005026954385906924 0.004786348952498632 0.004563127800387352 0.004355653850615041 0.004162477806556613 0.003982312978430124 0.003814013943297001 0.0036565583899197444 0.0035090316188598866 0.003370613264829907 0.0032405658858309723 0.003118225126072513 0.003002991210220302
0.04149278107593335 3.5729370051966836 8.603535608533118 0.00016116331435960213
0.052039854811892355 0.05023299948924096 0.04855032455133185 0.04697953933037024 0.04550991299348352 0.0441320363943263 0.04283762595200774 0.041619361213335176 0.0404707495821586 0.03938601309204393 0.03835999316707553 0.037388070141346035 0.03646609495006712 0.03559033090813318 0.034757403888064795 0.03396425952304768 0.033208126310745475 0.03248648369374273 0.031797034353598 0.031137680085809367 0.030506500728892653 0.029901735707212947
0.007856129115012309 0.00737006344203323 0.006928842901937159 0.0065271051999593955 0.006160265462717587 0.005824385084572943 0.005516065606453331 0.005232362331510513 0.004970713604425497 0.004728882599469755 0.0045049091573324904 0.00429706974029424 0.004103843981633427 0.003923886618909671 0.0037560038445636082 0.0035991332978372536 0.0034523270718260506 0.0033147372278862566 0.0031856034037108702 0.003064242176527323 0.0029500379031678152 0.002842434807375488
0.060473962058909425 4.6959922270698 5.6054058037685115 0.00013643963985076748
0.052096172485617445 0.05026226480018862 0.0485543080296502 0.04695990690953154 0.045468222763826095 0.044069739394693906 0.04275606950691037 0.041519793800257755 0.040354326541976245 0.039253802721878464 0.038212982891147586 0.03722717256311606 0.03629215366308489 0.03540412599377439 0.03455965706282197 0.033755638921194306 0.032989250903450534 0.032257927355487874 0.031559329592730334 0.030891321459435878 0.030251947963923137 0.02963941654977059
0.00791157107609885 0.007395118670198192 0.006927684838387463 0.006503324328919931 0.006116955523397204 0.0057642160412017425 0.005441345395151723 0.005145089127959556 0.004872620101936787 0.004621473560101867 0.004389493300872645 0.004174786866112443 0.0039756880741629854 0.0037907255658324174 0.003618596294638382 0.0034581430998403655 0.0033083356646918366 0.003168254292585288 0.003037076037741325 0.002914062810473681 0.0027985511442145186 0.0026899433657924954
0.07568428559423601 4.988160581070663 4.566594083599816 0.00016359329864676893
0.0541453683130431 0.0522494543154727 0.05048287399528275 0.04883300007550642 0.047288776579396515 0.04584048492715235 0.04447955007191363 0.043198379000884315 0.041990225543232965 0.04084907667376671 0.03976955647028458 0.03874684463962464 0.03777660712242176 0.036854936756780185 0.03597830235459084 0.03514350484247824 0.034347639358683034 0.033588062390130576 0.0328623631901979 0.032168338844803634 0.03150397245828153 0.030867414015667807
0.008014618420973441 0.007490419413442353 0.0070158576640761815 0.00658494514729757 0.006192556616121149 0.0058342868929343065 0.00550633454607346 0.00520540660156861 0.004928640112752285 0.004673537308527347 0.004437911732429424 0.004219843319732304 0.004017640776240064 0.00382980994809736 0.0036550271279607556 0.0034921164450881746 0.00334003064737236 0.0031978347112622575 0.0030646918179336076 0.0029398513164182044 0.002822638360885308 0.0027124449631583465
0.0791308002843496 5.3717748974094075 4.392287050371838 0.0002145668280280276
0.05244949063883104 0.05058330037372778 0.04884591382729169 0.04722461262646511 0.04570827829260982 0.044287151569499715 0.042952633372553006 0.04169711930183414 0.04051386137453014 0.03939685195137905 0.038340725853139024 0.0373406774594177 0.036392390206394454 0.03549197639208128 0.03463592558783998 0.03382106026567577 0.03304449749970999 0.032303615800495955 0.03159602630273004 0.03091954765836286 0.03027218409431616 0.029652106181795434
0.00742832800200393 0.006932312427096223 0.006484072581221847 0.006077753740342613 0.005708357292182821 0.005371597138157201 0.005063783000547641 0.004781725109296447 0.004522655969304307 0.004284165844556477 0.004064149312985031 0.0038607607995437675 0.003672377424341928 0.0034975678374758244 0.003335065974578595 0.003183748873755529 0.0030426178581024928 0.0029107825180132167 0.002787447031302192 0.002671898442437798 0.002563496589244343 0.002461665419664636
