0.19749804468927323 5.151131621310248 1.6579539020718603 0.0003290023471114808
0.06783797670461263 0.06569574136853107 0.06368856466988841 0.06180428033543734 0.06003211765716516 0.058362510252605145 0.056786934903540184 0.05529777518765401 0.05388820563565265 0.052552092952507755 0.051283911482874395 0.05007867061341698 0.048931852216402165 0.04783935657084105 0.046797455466243795 0.04580275141258915 0.04485214205850505 0.043942789065841 0.043072090809047586 0.04223765836703118 0.04143729435736969 0.04066897423111397
0.011716468133141218 0.011028347356189863 0.010399308524805353 0.009822895236288319 0.009293491806931039 0.008806197936914902 0.008356724202763396 0.00794130459191328 0.007556623035999647 0.007199751486277303 0.006868097540570881 0.006559360002619093 0.006271491051967298 0.006002663941383784 0.005751245331337413 0.0055157715268991745 0.005294928008970947 0.005087531754858548 0.004892515927512488 0.004708916581914613 0.004535861093996792 0.004372558064453572
0.1875531750288273 5.203950117625548 1.7106528478951992 0.0002610542106352047
0.06606739288696208 0.06396352841811016 0.06199306163333485 0.06014390712925944 0.05840537359829638 0.05676797172470264 0.0552232524635597 0.053763670333738606 0.05238246739581648 0.05107357440817666 0.04983152630782712 0.048651389683955513 0.04752870033038895 0.046459409299894436 0.04543983615563792 0.04446662833633991 0.04353672573205303 0.0426473297151531 0.041795875992471615 0.0409800107445653 0.04019756960093579 0.039446559068793643
0.011657033990514092 0.01096581980758733 0.010334421969061444 0.009756254712976491 0.009225596107229082 0.00873745834541599 0.008287479748897571 0.007871834502250296 0.007487156933477786 0.007130477769384121 0.006799170287188686 0.006490904673965132 0.0062036092174942575 0.0059354372023711546 0.005684738586678863 0.0054500356973376535 0.005230002314255839 0.005023445620838503 0.004829290586131547 0.0046465664157440655 0.004474394767758893 0.004311979478542296
0.15891924024144788 4.836760089886473 2.0551667576253982 0.00028590237455325374
0.06692285881760598 0.06480771522759504 0.06282601253511767 0.060965721517123546 0.059216193842971866 0.05756797269370401 0.056012633192680704 0.054542647404316864 0.053151269668464694 0.05183243883824702 0.0505806946257065 0.04939110576833015 0.04825920813784172 0.04718095124185547 0.046152651835506285 0.04517095357683615 0.04423279183654828 0.043335362917619684 0.04247609705940841 0.041652634699227774 0.04086280554580938 0.04010461008676628
0.011912181335316744 0.011211514232214132 0.010571074461501441 0.009984273728494395 0.009445382452537943 0.008949401631374315 0.008491956017771812 0.008069204731335195 0.007677766189130472 0.007314654840199464 0.006977227666497877 0.006663138793333568 0.006370300856862038 0.006096852020743246 0.0058411277312037276 0.0056016364592465845 0.005377038808252845 0.005166129470725048 0.004967821604173092 0.004781133266879571 0.004605175612483093 0.004439142590354395
0.18518024866087834 5.079838959703684 1.7249139018327522 0.00044909973835878736
0.06693215815439121 0.06482072857549927 0.06284232092052512 0.060984960928707366 0.059238046913352035 0.057592161803926685 0.05603891472972734 0.0545708069576588 0.05318111799505435 0.051863808459231955 0.05061343694477949 0.04942508862265051 0.048294313709143964 0.047217074268658024 0.046189698077984065 0.045208838494488035 0.04427143944571318 0.04337470480151155 0.042516071507915816 0.041693185959466 0.04090388316748451 0.04014616834894226
0.01205516353647507 0.011347871310632222 0.010701252731613188 0.010108683361846317 0.00956440058767366 0.009063375254865383 0.008601204615444325 0.00817402271606704 0.007778425116056236 0.007411405422663659 0.007070301607277196 0.00675275044594984 0.006456648731539217 0.006180120148939385 0.005921486901820276 0.005679245338683677 0.005452044955507697 0.005238670257765829 0.005038025050890476 0.004849118799039533 0.004671054750286397 0.004503019574454528
0.172743999564964 5.109943803734651 1.8848132316650452 0.0004197337560188028
0.06577423004306379 0.06367082437256408 0.06170117769528418 0.05985313626772017 0.05811595239755528 0.056480090132311214 0.054937061769287664 0.05347928972440383 0.05209998935870794 0.05079306919971442 0.049553045660341626 0.04837496988914847 0.04725436481099945 0.0461871707596945 0.04516969838087309 0.04419858770815318 0.04327077249855027 0.04238344906301289 0.04153404895093309 0.04072021494889503 0.039939779937813814 0.03919074822225257
0.011444799786860683 0.010762748200509717 0.010139963079198802 0.00956989379569038 0.009046852183338592 0.008565882559851587 0.00812265358189007 0.007713367920467433 0.007334686541498142 0.006983665002313446 0.00665769967107957 0.006354482170538665 0.0060719606624146626 0.0058083068412087425 0.005561887709138417 0.005331241367905936 0.005115056195822438 0.004912152886839734 0.004721468916189291 0.004542045069496168 0.004373013731514462 0.004213588679477024
0.23810933226265663 5.518635822387505 1.3382481317193433 0.00032733235869436534
0.06721221977463088 0.06507963391367814 0.06308194486285133 0.061206960080916625 0.05944389028707174 0.0577831565217566 0.056216227656093326 0.05473548298099646 0.05333409554468148 0.052005932728269186 0.05074547120181114 0.04954772392427012 0.048408177269126815 0.047322736694199646 0.04628767964688809 0.04529961461756168 0.0443554454345174 0.0434523400419078 0.04258770312368354 0.04175915203694851 0.040964495601210585 0.040201715359036
0.011569497050303397 0.010886676901027894 0.01026273317950824 0.00969120483380239 0.009166475708667592 0.008683648045773998 0.00823843709685428 0.0078270829954462 0.007446276791833244 0.007093098155265237 0.006764962723004034 0.0064595774543595484 0.006174902650568227 0.005909119544276224 0.00566060255805792 0.005427895489590911 0.005209691009455504 0.005004812962022605 0.004812201045259872 0.004630897515254846 0.004460035618788018 0.004298829504747019
0.20974294130858384 5.568275278043699 1.5000421009885425 0.00036290627439073564
0.06431072616629667 0.06223438224180798 0.060290954316027386 0.05846828493171374 0.056755632328015476 0.05514347352496035 0.053623338845432016 0.05218767226657786 0.05082971308923548 0.04954339527886015 0.04832326151693795 0.047164389547780045 0.046062328842368494 0.04501304595194961 0.0440128772074186 0.04305848765022404 0.04214683526747219 0.04127513975668212 0.0404408551709688 0.039641645898621944 0.03887536551632473 0.03814003812597452
0.01120748140432012 0.01053271180298293 0.009917089933266217 0.009354022564246207 0.008837791866081269 0.008363422373063388 0.007926570479614401 0.007523432295363836 0.0071506665192521595 0.0068053296486806384 0.0064848213581614154 0.006186838293291441 0.0059093348536171965 0.005650489800109544 0.0054086777334667775 0.005182444659124836 0.004970486992102217 0.004771633466234016 0.00458482950312922 0.004409123670395842 0.004243655919545786 0.0040876473440761545
0.07402093953634603 3.538651432308926 4.524697053213316 0.00021658749365110677
0.0646471145402027 0.06259979310462305 0.06068278408263604 0.05888420021737531 0.05719353922335729 0.05560149045410377 0.05409977263331513 0.05268099705780527 0.05133855178665258 0.05006650320016957 0.048859511998797 0.04771276125704509 0.0466218945824373 0.04558296277800068 0.04459237768758365 0.04364687213038657 0.04274346501559924 0.04187943087856689 0.04105227320320473 0.04025970099676986 0.03949960816678453 0.038770055319228454
0.011821170361159707 0.011135832276038603 0.010509421541502835 0.009935438873143784 0.009408244803099947 0.008922928690716576 0.008475200092460423 0.008061298297415566 0.007677916686508256 0.007322139240130804 0.006991387042846865 0.006683373047738551 0.006396063691315305 0.006127646211553635 0.005876500731012229 0.005641176335202697 0.0054203705121162035 0.0052129114287203255 0.005017742609591579 0.004833909655749999 0.004660548701453465 0.0044968763557536396
0.25260555818584873 5.578888514112866 1.2268262507459087 0.0002565464614514862
0.06721412018614456 0.06509279149805976 0.0631051675021876 0.061239206529875675 0.05948424796144326 0.057830822995778436 0.056270495180702165 0.05479572547448447 0.053399757616161024 0.05207652037992939 0.05082054392353048 0.04962688794777803 0.0484910797916644 0.047409060915876225 0.04637714049348285 0.045391955042781186 0.04445043321378244 0.04354976498445739 0.04268737464181858 0.041860897021116505 0.04106815655777385 0.04030714877429677
0.01193688148189762 0.011236559348167969 0.010596327074836804 0.010009621223484864 0.009470732741424775 0.008974679611507658 0.008517100663382182 0.008094166699792073 0.007702505845626029 0.007339140623779566 0.007001434735384546 0.006687047899413346 0.006393897408722762 0.006120125302245371 0.005864070248673007 0.005624243395285608 0.005399307564133746 0.005188059282536807 0.004989413220504897 0.004802388677946025 0.004626097822332149 0.004459735425219815
0.19425281077953493 5.141799607862984 1.6088555936837847 0.0003921634128378562
0.0667888291343502 0.06468937354365645 0.06272187088173499 0.060874471380044023 0.05913668039762822 0.05749917328138222 0.055953639257732515 0.054492649269701245 0.05310954364988849 0.05179833629388445 0.050553632614915515 0.04937055905350056 0.04824470231197156 0.04717205680331306 0.04614897906273908 0.0451721480811136 0.04423853069140351 0.04334535128044263 0.04249006521439365 0.04167033546218685 0.040884011980688494 0.04012911349143994
0.012333424935274492 0.011612828510158265 0.01095383914420324 0.010349751737472873 0.009794730855641547 0.009283681580586336 0.008812141740474577 0.008376191648293854 0.007972378233733864 0.007597651051764284 0.007249308126892999 0.006924949971618606 0.006622440421595593 0.006339873174454196 0.006075543116457506 0.00582792168091476 0.005595635612085315 0.0053774486141673905 0.005172245451577908 0.004979018137824274 0.004796853908811467 0.00462492472478322
0.08797682899740777 3.8728452931736905 3.846644071539855 0.000383807994725347
0.06535131782761472 0.06327386736246313 0.06132857367617476 0.05950340265451836 0.057787718021566174 0.0561720870322085 0.054648117219241905 0.053208318640281686 0.05184598716062792 0.05055510516722043 0.049330256788710655 0.04816655523747486 0.047059580321617965 0.04600532452207164 0.04500014630981051 0.04404072960496368 0.04312404846405775 0.04224733623228804 0.04140805852125871 0.040603889474322266 0.0398326908656615 0.0390924936489119
0.011605779132742147 0.010924803330749867 0.01030264524188221 0.009732812049073189 0.009209668079398095 0.008728304830806444 0.008284433032686875 0.007874292643683825 0.007494577513695015 0.007142372083439102 0.006815098004755716 0.006510468968556983 0.006226452348509719 0.005961236525053351 0.005713202960089526 0.005480902258325104 0.005263033585133021 0.005058426919410492 0.0048660277083501634 0.004684883563300467 0.004514132695138228 0.004352993836315727
0.15093855342499662 4.78695321517264 2.155196350428707 0.000366712160671879
0.06641091731481102 0.06430773290224837 0.06233742607816348 0.060488000736297814 0.05874883990790357 0.057110516336744396 0.055564632918357594 0.05410368774269527 0.05272095949512749 0.05141040977468338 0.050166599527599005 0.0489846173048341 0.0478600174619241 0.04678876674972288 0.04576719801182379 0.0447919699216187 0.04386003186914737 0.04296859325302232 0.04211509655203554 0.04129719364950924 0.040512724964979804 0.03975970101554447
0.011910902050203386 0.011208717296937688 0.01056700723467276 0.009979143995112821 0.009439365212115155 0.008942644627987785 0.008484584262620927 0.00806132421514346 0.007669466940481005 0.00730601345377445 0.006968309400083717 0.006653999312741046 0.006360987692371906 0.006087405786389933 0.00583158314843947 0.005592023218736725 0.005367382297316367 0.005156451388924754 0.004958140485521507 0.004771464923860446 0.004595533514437819 0.004429538186624813
0.07573813171468813 3.5609775183121304 4.611850254661028 0.0003955978637503068
0.0653397521303056 0.06325966405699188 0.06131247321498156 0.05948600966573011 0.05776952691100998 0.05615350240503419 0.05462947024834461 0.053189880246509266 0.05182797867231313 0.05053770697701632 0.04931361541177569 0.04815078908777855 0.0470447844559295 0.04599157454916789 0.04498750162196921 0.044029236057170816 0.04311374060151411 0.04223823914720238 0.0414001894043874 0.04059725891436352 0.039827303939744374 0.0390883508395082
0.011253799954874395 0.010598342824778464 0.009999486650534605 0.009450960629607605 0.008947327478855679 0.00848385582118268 0.008056414467780567 0.007661384467290414 0.007295585636438092 0.006956214945468267 0.006640794648847175 0.006347128459582696 0.0060732643886744426 0.005817463128386292 0.005578171063581964 0.005353997160333255 0.005143693113948078 0.004946136246113141 0.004760314728185555 0.0045853147788595975 0.004420309542673501 0.004264549403630358
0.0822446884247946 3.553812212635685 4.156887804363336 0.00023822366960822257
0.06702501843761485 0.06492740183377567 0.06296205871523188 0.06111704181515503 0.05938178153837654 0.057746895705841135 0.056204029526442975 0.05474572041853511 0.05336528335434269 0.052056713229054564 0.05081460141292858 0.04963406416757944 0.04851068102595916 0.04744044157181294 0.04641969932591022 0.045445131666523975 0.04451370489092166 0.043622643671214545 0.042769404278229374 0.04195165104619222 0.04116723563298537 0.04041417869875902
0.012074704063003355 0.011381468635613528 0.010747236387587374 0.010165572295850994 0.009630882259802256 0.009138286679408353 0.008683515309251799 0.008262819457346547 0.007872898383628934 0.007510837370873275 0.0071740554285922905 0.006860260977321618 0.00656741416876919 0.006293694743691317 0.006037474527193184 0.005797293820633609 0.005571841078370345 0.005359935362406943 0.005160511153453563 0.00497260516681809 0.004795344878925245 0.004627938517520408
0.17989806598495883 5.302082539780694 1.7649235227802562 0.00023107855351140976
0.0642794523087242 0.06220840294675159 0.06026973575551356 0.05845136004916297 0.05674259098875881 0.05513395432490744 0.05361702226683521 0.05218427493368903 0.050828982926358526 0.04954510741221139 0.048327214792342706 0.0471704035604489 0.046070241394243344 0.04502271086748179 0.044024162450975075 0.0430712736982588 0.042161013696646335 0.04129061201565907 0.04045753150894898 0.03965944442805777 0.03889421139085538 0.0381598628175917
0.011352044097613041 0.010669875599145515 0.0100473981938297 0.009477970029564246 0.008955829478035375 0.008475961620129488 0.00803398730082844 0.007626070581357356 0.007248841248126378 0.006899329692853238 0.006574911995991989 0.00627326345662486 0.005992319139609812 0.0057302402729662695 0.00548538553910568 0.0052562864733488555 0.00504162632061854 0.004840221812827371 0.004651007420462459 0.004473021706269754 0.004305395469986969 0.004147341423322025
0.0594798235934878 2.895679378969109 5.741867506137128 0.0004681317144710364
0.06561046798801702 0.06356912979683256 0.06165720135482139 0.059862890827408546 0.05817578292277404 0.05658664581904546 0.05508726933898068 0.05367032869371071 0.05232926925347163 0.05105820869280182 0.04985185355794928 0.0487054278584846 0.04761461172608677 0.04657548853607994 0.0455844991706191 0.044638402331131394 0.04373423999307684 0.042869307247123935 0.042041125894354485 0.04124742126452887 0.040486101810044715 0.03975524109739032
0.012205292951816875 0.01152568311022905 0.010903421584527999 0.010332240739963538 0.009806700865227988 0.009322063435956032 0.008874186228004918 0.00845943612403209 0.008074616316049563 0.007716905275101172 0.007383805382003013 0.007073099524010686 0.006782814286842707 0.006511188629058631 0.006256647131128372 0.0060177770759549535 0.005793308749844098 0.005582098459697774 0.005383113848790854 0.005195421163966649 0.005018174184671944 0.004850604571476208
0.0808220120670109 3.459978942727925 4.392304217167845 0.00033318198886932463
0.06789135243596825 0.06576492397186802 0.06377280797638878 0.06190284764021479 0.060144291510072424 0.0584875988444265 0.056924275995848934 0.055446738279915864 0.05404819287751694 0.052722539173461584 0.05146428361184336 0.050268466687651475 0.04913060012500505 0.048046612638444064 0.04701280295289314 0.04602579898413545 0.04508252226571214 0.04418015685856264 0.04331612210309106 0.04248804867492688 0.0416937574896026 0.04093124107100281
0.01166461201180044 0.01099656341150032 0.010385381202512022 0.009824854247657177 0.009309585184579855 0.00883486765008662 0.0083965842570749 0.007991121470192838 0.007615298301330077 0.007266306354128075 0.006941659226057688 0.006639149656192099 0.0063568131086884465 0.006092896723105996 0.005845832756061548 0.005614215794430637 0.005396783146171556 0.005192397916982958 0.005000034364186157 0.004818765187210091 0.004647750469819275 0.00448622803511569
0.1445673611308559 4.69436736819638 2.2943326191278337 0.0004164921003942233
0.0668363334530404 0.06471870975261271 0.06273493645299015 0.06087292343446774 0.05912197131281573 0.05747258030173705 0.05591628923027244 0.05444553939908195 0.053053558986888835 0.051734264531171574 0.050482176653323385 0.049292347714532295 0.04816029950262763 0.04708196938372186 0.046053663622415156 0.04507201679366441 0.044133956388350215 0.04323667186111314 0.04237758748949092 0.041554338512771384 0.04076475010126314 0.0400068187750485
0.011744622507979223 0.011051934713922688 0.010418933987493065 0.009839074962977307 0.009306667568141629 0.008816749062288761 0.008364977415975725 0.007947542138911358 0.007561089428744928 0.007202659118738409 0.0068696313824484455 0.0065596815359375196 0.006270741583780389 0.006000967400532572 0.005748710637029996 0.005512494600746354 0.005290993489151921 0.0050830144606435305 0.0048874821139161225 0.00470342501739049 0.004529963988491108 0.004366301870564223
0.05330461947128662 2.7188339994643926 6.558246930401584 0.0005081678711819116
0.06452032766049123 0.062498327241496 0.06060572353336915 0.058830593194420536 0.05716242269645763 0.05559190774499714 0.054110785672919756 0.05271169471365629 0.05138805530159218 0.05013396951415401 0.04894413552733724 0.047813774553045474 0.04673856819923277 0.04571460457022887 0.04473833172590288 0.04380651736066281 0.04291621375914118 0.04206472724441927 0.04124959146429279 0.04046854396724326 0.039719505607058794 0.039000562387086886
0.011662360107471363 0.011016837242357731 0.010425964848126891 0.00988371917429635 0.009384882523276596 0.008924917791526628 0.008499865070296014 0.008106256015695203 0.007741042606199433 0.0074015376072451835 0.0070853646074599515 0.006790415916572457 0.006514816949088564 0.006256895981389972 0.006015158378910328 0.0057882645565589825 0.0055750110688439535 0.0053743143333028045 0.005185196577375766 0.00500677366901385 0.004838244548431688 0.004678882025096442
0.17561263807011407 5.196037107848652 1.7949922489141585 0.0003198913549232134
0.06469692984384755 0.06262584605863876 0.06068655693059533 0.05886707901723869 0.05715681614604898 0.05554636757417272 0.0540273665969531 0.052592344205478384 0.05123461344300352 0.049948170939270585 0.04872761275994328 0.04756806223329293 0.04646510783683251 0.045414749565035925 0.044413352472807484 0.04345760631135822 0.042544490354038095 0.04167124265765634 0.04083533312634202 0.04003443984515773 0.039266428233524796 0.03852933263728678
0.011670114090733555 0.010973898566098499 0.010338234880560505 0.009756424476259205 0.009222651494630708 0.008731849636243332 0.008279591401865828 0.007861995600174754 0.007475649823280173 0.007117545234449322 0.006785021521663038 0.006475720275489419 0.006187545372891271 0.005918629207496857 0.005667303815107995 0.005432076111332245 0.005211606594431546 0.0050046909772231704 0.004810244302220082 0.004627287168158824 0.0044549337568054225 0.004292381398975017
0.19622818281883891 5.295591174656451 1.609009422726488 0.00045202678061145613
0.06571144208531757 0.06361872242836374 0.061658703544025514 0.05981936223666373 0.05809006234180436 0.05646136357978714 0.05492486064350056 0.053473047177084565 0.052099200337484095 0.05079728244910274 0.04956185691199444 0.048388016043017755 0.047271318945515436 0.04620773783822316 0.04519361154517286 0.0442256050684978 0.043300674345554804 0.04241603543871904 0.04156913752694906 0.040757639167791446 0.039979387380904105 0.03923239917261647
0.011750207220634374 0.011053512643693185 0.010417109314915008 0.009834358839083842 0.00929949363005816 0.00880748614353996 0.008353939997037436 0.007934998970426235 0.007547270671518271 0.007187762275421113 0.006853826241355231 0.006543114304431521 0.006253538354547533 0.005983237066925566 0.005730547351982171 0.005493979856378786 0.005272197880221042 0.005063999183697285 0.004868300244894111 0.004684122602985061 0.004510580980541307 0.0043468729278134345
0.17139442511442649 5.078525447463309 1.9011814984506485 0.0004081678021565091
0.06594263355141561 0.06383699260923821 0.061865115903007833 0.060014861615162333 0.058275491191579605 0.056637475607668485 0.05509233233375675 0.05363248756441394 0.052251159331192475 0.050942257951907315 0.04970030093157722 0.04852033995832651 0.047397898060869005 0.046328915334984073 0.0453097019219134 0.0443368971452891 0.0434074338955289 0.042518507499835205 0.04166754843849043 0.040852198369180415 0.040070289004675914 0.03931982345860892
0.011498628339531062 0.010814511028232566 0.01018975708299478 0.009617813895627639 0.009092990457209718 0.008610327678043938 0.008165490461077958 0.007754677537995633 0.007374545866766657 0.007022147012335908 0.006694873425574645 0.0063904129280947354 0.006106710023940429 0.005841932910417584 0.005594445262490376 0.0053627820284566415 0.0051456286069603415 0.00494180288305019 0.0047502396888560935 0.004569977326406187 0.004400145849220703 0.004239956848039206
0.19689195310984697 5.149815149240189 1.587786157911062 0.0005514264103164352
0.06695868842339278 0.06485598051356994 0.06288534222695251 0.06103492118636263 0.05929421955746044 0.05765390910797353 0.056105675248524195 0.054642084981020515 0.05325647465421237 0.05194285419779364 0.050695825121075726 0.0495105100539882 0.04838249200330159 0.04730776181585384 0.046282672598985004 0.04530390005865592 0.044368407887493966 0.043473417475853086 0.042616381334897695 0.0417949597164662 0.041006999993833115 0.04025051843348986
0.012354384289901182 0.011633398982043599 0.010973996420387842 0.010369480041540705 0.009814021104759325 0.009302529922520553 0.00883054839044851 0.00839415996312936 0.007989913974278675 0.007614761795096533 0.007266002797943311 0.006941238470201817 0.00663833332581202 0.006355381505318817 0.006090678151684376 0.005842694808207372 0.005610058214202874 0.005391531979561321 0.005186000705606851 0.004992456190525161 0.004809985415980062 0.004637760059740072
0.05188635328950908 2.5840184135894266 6.596170351173187 0.0003348376449284614
0.06496563421033925 0.06295355994534058 0.06106942646783655 0.0593015147586781 0.05763948397331033 0.056074176329565635 0.05459745392326641 0.05320206159643427 0.05188151117502099 0.0506299833223651 0.0494422439832915 0.048313572968452574 0.047239702684208455 0.04621676537659564 0.045241247548958675 0.04430995044711868 0.043419955695465154 0.042568595321334175 0.04175342553068796 0.04097220370107324 0.04022286814254693 0.03950352024722522
0.012257392553183814 0.011589298419061905 0.010977217419038133 0.010415024829351974 0.00989740990124763 0.009419749929194775 0.008978006341537446 0.008568638552193145 0.00818853220993283 0.007834939176203412 0.007505427102512657 0.0071978369006668605 0.006910246731049631 0.0066409413963166115 0.006388386236011736 0.00615120478361303 0.00592815958052395 0.005718135648569742 0.005520126209075441 0.005333220306818589 0.005156592054365445 0.004989491259102365
0.2398592882275098 5.442700437607061 1.3391503984817166 0.0004830959514967392
0.06821835759009456 0.06606761922058473 0.06405233786214382 0.06216032332894793 0.06038078244739242 0.058704127786445306 0.05712181644575423 0.05562621362398076 0.054210476705479536 0.052868456407889744 0.05159461217339594 0.050383939498218865 0.04923190730589549 0.04813440380137934 0.04708768951145326 0.04608835643526031 0.04513329240699728 0.04421964991889026 0.043344818772739185 0.042506402027524044 0.04170219479275866 0.040930165485603374
0.011709361398629258 0.011023264599154873 0.010395975841908604 0.009821078063752861 0.009292988722724963 0.008806835528479972 0.00835835280236633 0.007943794721038283 0.007559862431242578 0.0072036426037896915 0.006872555455651243 0.006564310636649533 0.006276869671387695 0.006008413883437707 0.005757316919422434 0.005522121144907444 0.005301517309326101 0.005094326979287987 0.004899487323134091 0.004716037898117893 0.0045431091479829055 0.004379912365264069
0.17161864898306523 5.09668518890767 1.8250523681258684 0.00035003570775425034
0.06509395162699994 0.06302283435997574 0.06108296350621841 0.05926245530008553 0.05755079605331941 0.05593865346340685 0.05441771774910362 0.052980567345219484 0.05162055490855101 0.05033171019332175 0.04910865699533314 0.04794654187563189 0.04684097278477815 0.0457879660392653 0.04478390036895878 0.043825476971549045 0.042909684687084323 0.04203376955061246 0.041195208100089774 0.040391683914968224 0.03962106694219824 0.03888139523392951
0.011967942121086981 0.011258827125272113 0.010611035467300993 0.010017820153698573 0.009473318541379975 0.008972419648303675 0.008510653653632473 0.008084099529125513 0.007689307543954677 0.007323234017141734 0.006983186192863463 0.006666775512705679 0.006371877877666629 0.006096599748387816 0.00583924913796515 0.005598310718073964 0.0053724243940848375 0.005160366814675054 0.004961035371131698 0.004773434315031775 0.004596662683394069 0.004429903770211501
0.0783114493432725 3.5545250634307575 4.2870136262386325 0.0002860862323967347
0.06575331492448086 0.06368559682940877 0.06174874792521838 0.059930901818787616 0.05822156597213656 0.056611431182146066 0.05509221146116357 0.053656508885462945 0.05229769904526312 0.0510098335699187 0.04978755686663379 0.04862603473978539 0.0475208929805386 0.04646816435578101 0.04546424269913041 0.04450584302853174 0.04358996679538531 0.042713871517537055 0.041875044169345906 0.04107117780156188 0.04030015094598612 0.03956000942808013
0.012066290359900405 0.011370575193337049 0.010734323487155521 0.010151020731013328 0.00961500785159476 0.009121351944256879 0.008665738878480392 0.008244383712321343 0.007853955668714096 0.007491515068054609 0.007154460117232983 0.006840481855733558 0.006547525877882662 0.006273759704658493 0.00601754488243444 0.005777413050240869 0.005552045349859921 0.005340254660755771 0.0051409702295352605 0.004953224335298612 0.00477614069101039 0.0046089243293795665
0.154228088721438 5.073757495191538 2.0850054900371764 0.0005704455141739167
0.06396833533342364 0.06190327674398902 0.059970411239167666 0.05815764710185518 0.056454300755181624 0.05485090087651022 0.05333902378925309 0.05191115455186341 0.05056056925490008 0.04928123489786813 0.048067723899749205 0.0469151408403979 0.04581905946460583 0.04477546832991985 0.043780723761229025 0.04283150900365845 0.04192479865130896 0.04105782758136983 0.04022806374781133 0.03943318429152002 0.03867105450857195 0.03793970928868618
0.011287780977858644 0.010607778275514037 0.009987401213548297 0.00942000195198069 0.008899815401610936 0.008421825063591072 0.00798165159240332 0.007575459873154648 0.007199881244930803 0.006851948163557411 0.00652903911991693 0.006228832044808436 0.00594926476184536 0.005688501314251865 0.005444903203695732 0.005217004750391164 0.005003491922114914 0.004803184092149768 0.004615018277718481 0.004438035485311046 0.0042713688506920006 0.004114233311884489
0.22159504263900742 5.451316945443836 1.3960630032104924 0.0004272654715014501
0.06601230755646116 0.06391888030420988 0.06195782369152505 0.06011717804728314 0.058386359632652624 0.05675597153272384 0.05521764438037152 0.053763901654223914 0.052388045308450454 0.05108405829585835 0.0498465211848152 0.04867054058091665 0.04755168747382426 0.04648594395968877 0.045469657056619484 0.044499498547655045 0.04357242996272226 0.04268567195605435 0.041836677454728646 0.04102310805232038 0.04024281320308982 0.03949381183976566
0.011950608482660142 0.011245631406101008 0.01060141455536397 0.010011293170815207 0.009469473615902144 0.008970903015136608 0.008511160638404514 0.008086367063759481 0.007693107931719396 0.0073283697209656235 0.006989485464682313 0.006674088716496612 0.0063800743865847255 0.006105565318606965 0.005848883679617476 0.005608526398004091 0.005383144016704021 0.00517152243657733 0.004972567112760273 0.004785289338906242 0.004608794313502146 0.00444227073135076
0.055255091325620787 2.7166808423237145 6.273806574650359 0.0005401550454016569
0.06545774743607194 0.06342290243061363 0.06151743708069361 0.059729512010257925 0.05804867757721171 0.05646567764876864 0.05497228537905792 0.05356116512329019 0.052225755807679054 0.05096017199925127 0.04975911964590158 0.048617824030442784 0.04753196793757559 0.04649763839589758 0.04551128064832775 0.044569658239004994 0.04366981829469517 0.04280906123320853 0.0419849142574671 0.041195108097287034 0.040437556546084906 0.03971033841007753
0.012050067313253296 0.01138648581637901 0.010778757103616938 0.010220767278946543 0.009707214073101211 0.00923348163887746 0.008795537147775144 0.008389844991977265 0.008013295274364172 0.007663143950164917 0.007336962514365474 0.00703259554451503 0.006748124735685605 0.006481838323130096 0.006232204993900261 0.005997851552971477 0.005777543741207922 0.00557016970867779 0.005374725732729932 0.005190303840024568 0.005016081048620089 0.004851309992806278
0.0695218335261163 3.3945793607288404 4.9486125430866545 0.0005976267470357375
0.06480393566019205 0.06274756770599547 0.060822532787804126 0.05901680015642883 0.057319747729047146 0.0557219643259387 0.054215083886434395 0.052791645866740004 0.051444977178027575 0.050169091929173355 0.048958605952611756 0.04780866365758267 0.04671487520564803 0.045673262363961666 0.04468021168173416 0.04373243386954643 0.04282692845118709 0.04196095291250854 0.04113199569845898 0.040337752513481956 0.039576105466250344 0.038845104670688774
0.011495141343939946 0.010831122413126226 0.010224236307083669 0.009668162426284212 0.009157420577296108 0.008687242072194548 0.00825346301234154 0.007852435556136258 0.007480953832511953 0.007136191834444074 0.006815651153868274 0.006517116834591343 0.006238619948314791 0.005978405760041087 0.005734906557630617 0.0055067183874491455 0.005292581072637014 0.005091360999327049 0.004902036244425096 0.004723683690481821 0.00455546783197812 0.004396631025583951
0.2115229077357661 5.346774564983453 1.4843964641709093 0.00025547454690524386
0.06644519637777456 0.06434088479969001 0.06236950607139123 0.0605190612599138 0.058778930558301384 0.05713968392075841 0.05559292154134874 0.05413113892134987 0.052747612284555066 0.05143630090250247 0.050191763529936574 0.04900908666077464 0.04788382272410325 0.04681193666959009 0.045789759658691774 0.044813948795036196 0.04388145200442621 0.04298947731995226 0.04213546594695682 0.0413170685810019 0.040532124533483455 0.039778643287252044
0.011925403685134523 0.011222915358238545 0.01058089844419311 0.00999272788231679 0.009452643494701533 0.008955620716917665 0.008497262865912078 0.00807371102038728 0.007681568360329399 0.007317836421955342 0.0069798612080742796 0.006665287479234193 0.006372019859245898 0.006098189636132415 0.005842126338960623 0.005602333332288485 0.005377466800859459 0.00516631760378608 0.004967795564587288 0.004780915834875482 0.0046047870282442714 0.004438600869387277
0.1825083505080839 5.272340151641291 1.729210809248637 0.00035844074551658723
0.06467864258773832 0.0626047194747033 0.06066292179769031 0.058841222399832485 0.05712898800826344 0.05551678626650462 0.05399622342834142 0.0525598072696573 0.05120083083403073 0.04991327346446683 0.048691716237505185 0.04753126944525748 0.046427510194894 0.045376428536197236 0.044374380803412314 0.04341804908125704 0.04250440588714617 0.04163068331069889 0.040794345973943796 0.03999306727645468 0.039224708473029876 0.038487300200723294
0.011567530227832051 0.010876214883762893 0.010245115592852088 0.009667561228942289 0.009137761017431826 0.00865067155896036 0.008201886238715598 0.007787542900093551 0.0074042464797032664 0.007049003945621857 0.006719169391231097 0.006412397542604045 0.006126604261061244 0.005859932881760426 0.005610725437629483 0.005377497986177093 0.005158919392972164 0.00495379303633758 0.004761040988139552 0.004579690299483236 0.004408861080826594 0.004247756116023889
0.073498121119691 3.393954988000645 4.616765741250559 0.00043555155388801835
0.06595330922545371 0.06388394309649002 0.06194558020024416 0.06012633142032451 0.05841568629093383 0.056804321388378126 0.05528393938284459 0.053847133252687536 0.05248727124708343 0.051198399035115 0.049975156153078286 0.0488127043971658 0.0477066662361734 0.04665307166186733 0.045648312171096016 0.04468910079753873 0.04377243729294875 0.04289557770630645 0.04205600773106907 0.041251419290902355 0.040479689917034836 0.03973886453897474
0.012039795769937193 0.011350462459291975 0.01071989077418562 0.01014164684393062 0.009610142570779448 0.00912050750051796 0.008668482454731228 0.008250330861650744 0.007862764544357586 0.007502881368888944 0.007168112661452124 0.00685617870452808 0.006565050939770041 0.006292919759341308 0.006038166970573589 0.005799342182281762 0.005575142493052819 0.005364394968807661 0.005166041483975917 0.004979125571700392 0.00480278098673298 0.00463622173257845
0.09658943108565099 4.056799367216862 3.5536536910722547 0.00045552382174185696
0.06571091329409091 0.06361392588368071 0.06165053505500314 0.05980856323890428 0.058077248089942655 0.05644704575454985 0.05490946556894893 0.0534569305694187 0.052082659299383306 0.05078056526584498 0.04954517108497223 0.04837153490351823 0.04725518711994087 0.0461920757802341 0.04517851930675322 0.04421116544783361 0.04328695552273803 0.04240309318901143 0.041557017084425336 0.0407463767986776 0.03996901171510314 0.03922293233320399
0.011325875960860727 0.010656571773457212 0.010045303707004885 0.009485649416377832 0.008972035510673554 0.008499608779617085 0.008064129238962554 0.007661880943396758 0.007289597328334993 0.006944398480553915 0.006623738241452942 0.006325359446018457 0.00604725591832205 0.005787640098302575 0.0055449153783001665 0.005317652391891189 0.005104568630230287 0.004904510868753639 0.004716439974765414 0.004539417738075313 0.0043725954256068 0.004215203809233179
0.14981439014620768 4.936753712191099 2.178081188315915 0.00034356217380095697
0.0649514457564908 0.06286612727191859 0.06091380121316298 0.059082347681376005 0.057361053112517456 0.055740415335098395 0.05421197964577265 0.05276820038789491 0.05140232359306421 0.050108287094153714 0.048880635191374186 0.04771444548933643 0.04660526595258078 0.04554906057247566 0.04454216231741231 0.04358123226455755 0.042663223995765116 0.04178535249097811 0.04094506687617722 0.040140026484859995 0.03936807977631528 0.038627245723884186
0.011385508772382345 0.01070385975218769 0.010081674960413716 0.00951235676508746 0.008990179489982361 0.00851015750509323 0.00806793555825301 0.007659697246470402 0.007282088341295228 0.006932152325123177 0.0066072760037130885 0.006305143464009934 0.006023696968434525 0.005761103634676008 0.005515726957290975 0.005286102394627928 0.005070916379989511 0.004868988225962568 0.004679254480553985 0.004500755367164532 0.004332623000678368 0.004174071121556761
0.12205504180889903 4.346802810380145 2.755371676521618 0.00036743846207761384
0.06723984495633402 0.06511913069753078 0.06313215546346446 0.06126686296581434 0.05951258155776412 0.05785983416824981 0.05630017819485275 0.054826070077055665 0.053430750291327156 0.05210814531627252 0.05085278375745316 0.049659724333720484 0.048524493837887546 0.0474430335157397 0.0464116525754004 0.04542698775686006 0.04448596806916966 0.04358578394833781 0.04272386020862487 0.04189783225865642 0.04110552513553506 0.040344934978059084
0.011870984504249943 0.011175248610159765 0.010539216327867917 0.009956361418446738 0.00942100831937987 0.008928205109666928 0.00847361763463322 0.008053440933128021 0.007664324868656171 0.007303311465449595 0.00696778192599645 0.006655411685264594 0.006364132159678623 0.006092098091980725 0.005837659588949573 0.005599338107324123 0.005375805771808636 0.005165867513709401 0.004968445604290529 0.004782566227066598 0.0046073477909349065 0.00444199073364803
0.2482238569178784 5.544492079738645 1.2583546367912264 0.0004167078818102718
0.06736495375938852 0.06523862182242222 0.06324631941486471 0.06137597479435193 0.05961690080413035 0.05795960514688448 0.056395630498950695 0.05491741922104114 0.05351819843165803 0.05219188200921599 0.050932986725262724 0.04973656021983538 0.04859811893836888 0.04751359447886922 0.046479287064715526 0.04549182507525889 0.0445481297433619 0.043645384274042236 0.04278100675766269 0.04195262634956983 0.041158062269646994 0.04039530524304022
0.011885951170220118 0.011188551976857846 0.0105509969504655 0.009966748930821464 0.009430121795495454 0.008936153597935348 0.008480500787615974 0.00805934967996033 0.007669342095159508 0.007307512679207062 0.006971235892239302 0.0066581810253459085 0.0063662739079649614 0.006093664209724641 0.005838697435506199 0.005599890870222486 0.005375912857881098 0.005165564903861839 0.004967766174661656 0.004781540039348064 0.004606002354554578 0.004440351242392044
0.0714708359062709 3.2331543126599356 4.942213334150264 0.0003391237593951704
0.06715503815907245 0.06505381085296327 0.06308560796893113 0.06123834799885512 0.059501352460305225 0.057865150480240365 0.056321314734948016 0.05486232310491317 0.053481441519508205 0.05217262434318199 0.050930429347251574 0.049749944861056494 0.04862672713474778 0.04755674629751094 0.04653633957813213 0.04556217068384995 0.0446311944195295 0.043740625781025236 0.0428879128809872 0.042070713167658855 0.0412868724816625 0.04053440656573777
0.011740250000641824 0.01107391907306668 0.010464190067751141 0.009904872215288213 0.009390589277040763 0.00891665583996102 0.008478974702467848 0.008073951394028868 0.007698422676238727 0.007349596502720204 0.0070250014097925 0.006722443700297748 0.006439971092603214 0.006175841753424068 0.0059284978304060135 0.005696542758898167 0.005478721745183915 0.00527390493195664 0.005081072835975855 0.004899303716495904 0.004727762589278715 0.004565691647198279
0.185879802152478 5.178338619861527 1.706600294037858 0.00038469283700358505
0.0659461689421743 0.06385122804348176 0.06188889998817738 0.060047190303485105 0.05831548587497434 0.056684364904299525 0.055145436875365654 0.053691207234755456 0.05231496251600074 0.05101067244711964 0.04977290622454196 0.0485967606505645 0.04747779824380066 0.04641199376428073 0.0453956878636337 0.04442554678914171 0.04349852724856938 0.04261184568851721 0.04176295135892264 0.04094950263522172 0.040169346151548595 0.03942049836635409
0.011853801810586335 0.011152829895122762 0.010512382060550808 0.009925808975387324 0.009387331641287331 0.008891910983233841 0.00843513921925549 0.008013149031550993 0.007622537344549865 0.0072603011343733 0.006923783185010211 0.006610626097361459 0.006318733169729899 0.006046235019034938 0.005791461013954496 0.005552914754429468 0.005329252964389981 0.005119267272367476 0.00492186844271686 0.004736072692342892 0.004560989787163046 0.004395812661480423
0.19166524978655586 5.279675682495374 1.6076008238311845 0.00040676599313247693
0.0649982366765837 0.06293113105138816 0.06099497634614646 0.0591779192891135 0.05746947274538224 0.055860327626143756 0.054342194520865625 0.05290766980455549 0.05155012198785498 0.05026359488091993 0.049042724780348074 0.047882669398029334 0.04677904665951101 0.045727881828698684 0.04472556168205068 0.04376879467176568 0.04285457619390669 0.04198015822186149 0.04114302268425844 0.04034085806437844 0.03957153877915756 0.0388331069631988
0.012026202487879733 0.01131425218183626 0.010663833413124641 0.010068179660804357 0.009521410936559787 0.009018400816904044 0.008554665704242742 0.008126272252510136 0.007729759694530182 0.00736207444106673 0.0070205148232522375 0.006702684249480111 0.006406451367034427 0.006129916074800056 0.005871380439598577 0.0056293237353503495 0.005402380959436504 0.005189324290655883 0.004989047043025766 0.004800549743301829 0.004622928020618037 0.0044553620465593215
0.17831474229629285 5.241081359227617 1.827667475893922 0.0002365673400272725
0.0651358356032418 0.06303864338294671 0.061075441021717435 0.05923399674021981 0.057503500360158444 0.055874365947727024 0.054338065904080086 0.05288699090401156 0.05151433117670174 0.050213975484621885 0.048980424840420915 0.047808718546385805 0.046694370577126144 0.04563331467673793 0.044621856824825924 0.04365663395535978 0.04273457799928705 0.04185288447465169 0.04100898497337779 0.04020052299717535 0.03942533268041429 0.03868142000864595
0.011162047267017144 0.010491770057199545 0.009880107639977681 0.009320541813136388 0.008807417699581847 0.008335812873331043 0.007901428595579687 0.007500499075946156 0.00712971548787471 0.006786162108045992 0.006467262456404334 0.0061707337157868875 0.005894548030920296 0.00563689954328949 0.00539617622465512 0.005170935738342784 0.004959884692066555 0.004761860755413704 0.0045758172042606295 0.004400809527296676 0.004235983789657528 0.004080566497918114
0.12710661761035524 4.800636590461417 2.613034562101073 0.00031629107646344144
0.06363709784704527 0.06156934284349712 0.05963463441630614 0.057820737190284514 0.05611684860834688 0.05451339845752576 0.05300188059905735 0.05157471112026889 0.050225108264457946 0.04894699039110048 0.04773488892770609 0.04658387383828917 0.04548948958366857 0.044447699910113936 0.04345484009408698 0.04250757550658513 0.04160286555224543 0.04073793219479282 0.039910232408592934 0.039117434001497024 0.03835739434120008 0.037628141589440306
0.010884824230393237 0.010224689669649905 0.00962280639592357 0.009072637042970847 0.00856851830432306 0.008105527135831783 0.007679369791089635 0.0072862894270399724 0.006922988875620361 0.006586565851252904 0.006274458395396046 0.005984398780156061 0.0057143744275380635 0.005462594668036784 0.00522746237637358 0.005007549694462364 0.004801577190827274 0.004608395918484263 0.004426971925054573 0.004256372843782032 0.004095756255480905 0.003944359561863096
0.05668456705124225 2.8442973064102675 6.101629476890317 0.0002783698117301489
0.06493000903080073 0.06289771907578869 0.06099501143105926 0.05921000163332896 0.05753220246377987 0.05595232646180422 0.054462120664465076 0.053054227664073486 0.05172206826944104 0.050459741987865896 0.049261942276365406 0.048123884088232906 0.047041241699507304 0.0460100951658154 0.045026884053451774 0.044088367324977215 0.04319158845099116 0.04233384497533579 0.041512661888046636 0.04072576826454136 0.03997107671529382 0.039246665261102785
0.011846925311504714 0.011186595411119039 0.010582206387106562 0.01002760831449961 0.009517469847379882 0.009047151768793634 0.008612602567362264 0.00821027180268555 0.007837037908319962 0.007490147768470505 0.0071671659402485835 0.006865931813059727 0.006584523327179197 0.006321226135093067 0.006074507297105536 0.005842992768785265 0.005625448071058932 0.005420761641112514 0.005227930449119465 0.005046047536375897 0.004874291187968569 0.004711915500210188
0.06537829440041198 3.4975695689908792 5.0652576933848685 0.0004860151633075011
0.06219520791448487 0.06019818272443724 0.05832973259890687 0.05657798365221609 0.05493246347821706 0.05338390282208366 0.05192406958020613 0.05054562922011081 0.04924202689978724 0.048007387494530755 0.04683643046984519 0.04572439711652266 0.0446669881230963 0.04366030982758021 0.04270082778476767 0.04178532652273168 0.04091087455445188 0.040074793866920734 0.03927463323787558 0.038508144835124165 0.037773263639746375 0.03706808930579469
0.011377137652041092 0.010710962948966334 0.010102726524157337 0.009545953010066452 0.009035036620735288 0.008565106460496196 0.008131915241642546 0.007731746935091442 0.007361339805918458 0.007017822007321652 0.006698657470743665 0.006401600273099614 0.006124656011923747 0.0058660489967050115 0.005624194285707335 0.005397673774411274 0.005185215683801482 0.004985676911357823 0.004798027800459758 0.004621338959412875 0.004454769822925852 0.00429755869933996
0.19797723074529328 5.187573398391747 1.6275879035264624 0.0006255903936369405
0.06724950571360044 0.06512416907496557 0.06313289831278646 0.06126361000778888 0.05950560754711117 0.0578493909833876 0.05628649681542499 0.054809362429740154 0.053411210955987505 0.05208595309198684 0.05082810309263207 0.04963270662731163 0.048495278620174866 0.047411749517913215 0.046378418697187375 0.045391913941277146 0.044449156093012795 0.04354732813646811 0.04268384807949445 0.0418563451078905 0.041062638563771355 0.0403007193686582
0.011839581143463767 0.011143634657104984 0.010507485153761948 0.00992459352277701 0.009389272730977343 0.008896560706812284 0.008442114362490873 0.008022120909613234 0.007633223377921231 0.007272457843079753 0.00693720034279779 0.006625121837929266 0.006334149877121392 0.006062435866088316 0.005808327038095278 0.005570342380423677 0.0053471519000272945 0.005137558716237294 0.00494048355392272 0.004754951280678946 0.004580079189349444 0.004415066774837601
0.21174090398701206 5.36666433362335 1.4880246591817325 0.0003178922195616672
0.06634072192209546 0.06423557570103017 0.062263593380100936 0.060412739041073416 0.05867236196957675 0.057033006207001344 0.05548625015591321 0.054024570940160076 0.05264122924486368 0.0513301711716782 0.05008594428876825 0.04890362556935327 0.04777875932534511 0.046707303575131066 0.04568558355363272 0.044710251291405274 0.043778250367898515 0.04288678509006332 0.0420332934675551 0.04121542345484115 0.04043101201253278 0.03967806660839506
0.011820874589205985 0.011122992069308148 0.010485294935322291 0.00990117789920238 0.009364899449132224 0.008871452528437004 0.008416456796164783 0.007996068530026008 0.007606905007900847 0.007245980816732949 0.006910654023536003 0.006598580530198292 0.006307675243138942 0.006036078937153197 0.005782129892789056 0.005544339548300001 0.00532137153841931 0.0051120235990239305 0.004915211904024878 0.004729957472351564 0.004555374341716848 0.004390659254368967
0.07036131989088312 3.351781925339546 4.893641305066157 0.0001416397434070883
0.06547766435759231 0.06341122005718698 0.061476263629768 0.0596607950948352 0.057954214341577895 0.05634712532402164 0.05483117180160057 0.053398898927812945 0.052043636121125975 0.050759397540222975 0.049540797186244934 0.048382976210285034 0.04728154044726869 0.046232506552075975 0.04523225539922102 0.04427749163815733 0.04336520848362786 0.042492656973231235 0.04165731904942524 0.04085688392596573 0.0400892272835681 0.03935239290978798
0.011684635782183265 0.01101364182842192 0.010400105253458964 0.009837698823669918 0.009320932758616082 0.008845026868984812 0.008405804599233962 0.007999604846685285 0.007623208272218856 0.00727377547644591 0.0069487949322375895 0.006646038972181787 0.006363526452521747 0.006099490972146657 0.0058523537306172085 0.005620700274071886 0.005403260510718867 0.005198891485112069 0.005006562487716117 0.004825342147440377 0.004654387213057788 0.004492932777240476
0.07249174069088282 3.435238721856843 4.776684742353835 0.00021190713493178902
0.06543658169653063 0.06336437508114522 0.06142422593345506 0.059604067193674434 0.05789324080698044 0.05628230051501598 0.05476284643121852 0.053327385658639134 0.05196921434911961 0.050682317497496306 0.04946128347051625 0.04830123083010109 0.04719774545693971 0.0461468263378951 0.04514483866840713 0.04418847315363007 0.04327471058085617 0.042400790889714705 0.041564186092653194 0.04076257650177353 0.03999382980353404 0.03925598259357042
0.01151653036533779 0.010851417877963775 0.010243447508590622 0.009686312141978183 0.00917454075470575 0.008703370641816394 0.00826864154211883 0.00786670753505091 0.007494363424884774 0.0071487829864797245 0.006827466963631622 0.006528199118688708 0.006249008955060312 0.005988139991261851 0.005744022670565089 0.005515251155202357 0.005300563386949339 0.00509882390341898 0.004909008986716261 0.004730193792286249 0.0045615411640273764 0.004402291889559139
0.18881066240058675 4.973316579573576 1.7093811302833541 0.00033063213772870103
0.06850090362138231 0.06636258494814333 0.06435803279364259 0.062475290954542684 0.06070376419766 0.05903403317501636 0.05745769822842258 0.055967247045830164 0.05455594209447254 0.05321772451980635 0.05194713180832261 0.05073922700002834 0.04958953762868557 0.04849400288475593 0.0474489277529946 0.04645094308591502 0.04549697074542914 0.044584193085356445 0.043710026163118615 0.04287209616450307 0.042068218604640446 0.04129637993429922
0.012325805576289333 0.011611169788940083 0.010957243778176839 0.010357460326939185 0.009806098915672133 0.009298160725612483 0.008829264212880111 0.008395557550488632 0.007993644954299087 0.0076205244789146614 0.007273535323201509 0.0069503130476462355 0.006648751396540529 0.006366969652080874 0.006103284636617477 0.005856186632653566 0.005624318614981261 0.005406458291212106 0.005201502530400255 0.005008453828018434 0.004826408512060659 0.00465454644177094
0.05328196516279804 2.3848071333708893 6.631563394761775 0.0005321777335350003
0.06770248950776159 0.06564297418445271 0.06371317534466397 0.06190131700822701 0.06019699685023325 0.05859099317343298 0.057075103247905004 0.05564200728405985 0.05428515346110395 0.05299866033584724 0.05177723366581912 0.05061609524074618 0.049510921761242874 0.04845779215864412 0.0474531420347792 0.046493724130136194 0.04557657391485301 0.04469897954827104 0.04385845557639788 0.043052719838030905 0.04227967313381474 0.04153738128156205
0.012588245119199273 0.011919965197115452 0.011306834540445058 0.010742897717745803 0.01022298272840434 0.009742580837188621 0.00929774726436094 0.008885018723612073 0.00850134463901094 0.008144029522201262 0.007810684497512564 0.0074991863593082434 0.00720764285816536 0.006934363159547949 0.006677832615056804 0.006436691143226859 0.006209714642721869 0.005995798962217025 0.0057939460333545495 0.0056032518398671785 0.005422895950388546 0.005252132387040909
0.27140726004309546 5.831875588427933 1.1284575743577385 0.0002833214390267695
0.06594326017142915 0.06383815652332324 0.061866771068757744 0.06001696677432404 0.05827800930786198 0.0566403733753128 0.05509557974798011 0.05363605754578184 0.05225502739690545 0.05094640192785328 0.049704700699792034 0.04852497723521057 0.04740275620213201 0.04633397916383367 0.04531495757747877 0.04434233194867934 0.04341303623128045 0.04252426671080732 0.04167345473252946 0.040858242736099226 0.04007646314228828 0.039326119706725206
0.011514099967381133 0.01082966938181739 0.010204600297942446 0.00963234221653314 0.009107205853980602 0.008624233516726938 0.008179091223482303 0.0077679785843557106 0.0073875532359352625 0.007034867254420169 0.006707313462425604 0.006402579937580167 0.006118611344434437 0.005853575962410662 0.005605837484650685 0.005373930825854045 0.005156541309499681 0.0049524867124520824 0.004760701732775704 0.004580224518497148 0.004410184954136777 0.004249794450524334
0.0684130592398331 3.3007535951111833 5.020070396232542 0.0001758574939751856
0.06527795013469234 0.06321855155225956 0.06129025172133469 0.059481077561522475 0.05778045410258447 0.056179008683850944 0.05466840674464644 0.053241213490570316 0.05189077685764854 0.05061112808824558 0.04939689693592793 0.04824323907398361 0.047145773726495116 0.04610052989649791 0.045103899851833384 0.044152598760478994 0.043243629554766405 0.04237425225682773 0.041541957122771776 0.040744441065930406 0.039979586904336034 0.03924544504780829
0.01171414136299062 0.011042938494233358 0.010429176156717655 0.009866527718700448 0.009349504639644887 0.008873328329570697 0.008433824002251566 0.008027332367758629 0.007650635860825974 0.0073008967656183815 0.006975605118312669 0.006672534679332599 0.0063897055920128475 0.006125352602882 0.005877897925167968 0.005645927992708047 0.005428173484817015 0.005223492110525565 0.005030853728167708 0.004849327447655119 0.00467807042114174 0.0045163180756885345
0.18151237516702057 5.068510758312174 1.807233678212084 0.00039307866020353745
0.0671541827121164 0.06502522845553856 0.06303085280991222 0.06115890040709775 0.05939861385774386 0.05774044168162064 0.056175876525742977 0.05469731833404097 0.053297958162817675 0.0519716791516978 0.050712971808163955 0.04951686128171389 0.04837884471926414 0.04729483712835501 0.04626112444577415 0.04527432272949664 0.044331342571564 0.04342935797672651 0.04256577907269318 0.04173822811768752 0.04094451835369003 0.0401826353224457
0.011646266624313631 0.010959057755414333 0.01033107570710518 0.009755825257369403 0.009227659848744282 0.00874165464798206 0.008293500768795753 0.00787941679889972 0.007496074531376632 0.007140536400003745 0.00681020259390104 0.006502766205823342 0.006216175071472187 0.0059485992004807645 0.005698402895744865 0.005464120816289625 0.005244437367506065 0.005038168907354268 0.004844248342733512 0.00466171176039806 0.004489686794515485 0.004327382480583454
0.2062120345157732 5.400207062535489 1.546449327936559 0.00048511267393537967
0.06578576227808104 0.06368270373772619 0.0617133513598337 0.05986555900453449 0.058128585381974344 0.056492899951491954 0.05495001960151494 0.05349237065628221 0.05211317181474249 0.05080633446391781 0.04956637747352304 0.04838835410870379 0.04726778912252461 0.04620062443173458 0.04518317205570879 0.044212073222801684 0.04328426273118484 0.04239693780083702 0.041547530776220094 0.04073368514045488 0.03995323438559984 0.039204183353190966
0.01147174590480703 0.010788722386475416 0.01016501476507082 0.0095940698744054 0.00907019705207404 0.008588438189375325 0.008144459603654734 0.00773446172511603 0.00735510338403876 0.007003438110438578 0.006676860354037313 0.006373059926675414 0.006089983284052694 0.005825800515935956 0.005578877116901388 0.005347749773534103 0.0051311055367885055 0.004927763856192763 0.004736661040693088 0.0045568367830746805 0.004387422444154205 0.0042276308417691175
0.14862534206188105 4.862049595718581 2.3003704691345113 0.0004370273796902792
0.06623698453266524 0.06410845099387534 0.06211576765813638 0.060246544302589945 0.05848982961409204 0.05683591155491907 0.05527614952262659 0.05380283264555377 0.05240905965951548 0.05108863668245857 0.049835989894761214 0.048646090683361225 0.04751439124857416 0.04643676902680053 0.04540947856847763 0.04442910974270163 0.043492551328922054 0.04259695921060324 0.041739728512538016 0.04091846912793777 0.0401309841677639 0.039375250936392873
0.010928801913020186 0.010273852600503135 0.009676091727683835 0.009129167983732388 0.008627570320415173 0.008166500699521096 0.007741768320729689 0.007349701364009734 0.006987073070413004 0.00665103960706525 0.00633908765400121 0.0060489900410646835 0.005778768074503401 0.005526659442156986 0.0052910907864316195 0.0050706541958030265 0.0048640869963621864 0.004670254331156274 0.0044881341016839455 0.004316803916746192 0.0041554297519926725 0.004003256071370316
0.1852793623379123 5.129993009988381 1.6832510673016834 0.00025339546704963666
0.06602766759614662 0.06394226669531629 0.06198835512278089 0.06015408689510508 0.058428974992880175 0.056803705118014684 0.055269978746393326 0.05382038032754458 0.05244826447461967 0.05114765977326495 0.04991318646276523 0.0487399857422311 0.04762365885555455 0.04656021443216359 0.04554602282240722 0.044577776379258624 0.04365245481178007 0.04276729487816883 0.041919763803309404 0.04110753590242091 0.04032847197246304 0.03958060107951943
0.012217332370736082 0.01149959058125394 0.01084348617074404 0.010242282376825238 0.009690119785377389 0.009181885519036502 0.008713104165555688 0.00827984649441628 0.00787865278474567 0.007506468200224879 0.007160588133115664 0.006838611827326597 0.0065384029007786275 0.006258055636632546 0.005995866113949965 0.005750307411016788 0.005520008246645087 0.005303734532400537 0.0051003733967009204 0.004908919313913274 0.00472846203097538 0.004558176033097855
0.04858383860172766 2.3838522747069115 7.372802506710056 0.00048056342366486316
0.06509108312939323 0.06307120217138011 0.061180591693424456 0.059407311607797754 0.05774084022271569 0.056171871091342286 0.054692143537111514 0.05329430057044225 0.05197176920655374 0.05071865919871156 0.04952967698568615 0.048400052268406345 0.04732547511761138 0.04630204190103048 0.0453262086274568 0.04439475055297217 0.04350472709452268 0.04265345125806638 0.04183846292040554 0.04105750541163945 0.04030850493369249 0.03958955242333292
0.0116896586770329 0.011062113021475898 0.01048705627242623 0.009958726175145536 0.009472133324461738 0.009022939989268884 0.008607360482438488 0.008222078826896745 0.007864180382811758 0.007531094803236065 0.0072205482284570695 0.006930523051366053 0.006659223916101607 0.006405048871553867 0.0061665648062093695 0.005942486453516945 0.005731658386781146 0.005533039526671239 0.005345689768255667 0.005168758402273542 0.005001474060431117 0.004843135959433326
0.06308544444398789 2.996133545611444 5.593942150169755 0.00027326022707880785
0.06633609015156161 0.0642615812508002 0.06231886489150253 0.06049591199173121 0.05878209935209515 0.05716801232617509 0.05564527943805763 0.05420643314137337 0.05284479207571743 0.05155436108567897 0.050329745983650566 0.04916608060430269 0.048058964149530654 0.04700440718327032 0.0459987849253214 0.04503879672721726 0.04412143080284685 0.04324393344099801 0.04240378205331147 0.041598661514853766 0.0408264433400103 0.040085167307133074
0.011732451789417994 0.011073950586715264 0.01047126194541424 0.009918267639324721 0.009409659216546745 0.008940813903372771 0.008507691911948797 0.008106751080517456 0.007734875616139569 0.0073893163643472875 0.007067640542208444 0.006767689273815023 0.006487541585197047 0.006225483768044033 0.005979983222838068 0.005749666053144191 0.005533297812400661 0.0053297669092111245 0.005138070262001269 0.004957300862977298 0.004786636967761592 0.004625332673362591
0.05886373121629762 2.7455888406451736 6.005232988707523 0.0005361733379948252
0.06693817042335352 0.06486723946319836 0.06292739123980973 0.0611066908821764 0.05939459677966908 0.05778176502153604 0.056259885528984095 0.054821544109789164 0.053460105822752416 0.05216961594463049 0.050944715544362466 0.04978056923275246 0.04867280310371246 0.04761745124117433 0.046610909453296254 0.04564989512758984 0.04473141228864414 0.043852721093218014 0.04301131112263324 0.042204877935143104 0.04143130242561786 0.04068863260992645
0.01205898516013824 0.011396313629259327 0.010789215984708922 0.010231638187236472 0.00971832513421721 0.009244698257346442 0.008806754270273913 0.008400981029530042 0.008024287309891746 0.0076739439463183075 0.007347534303083677 0.007042912429961794 0.006758167580320177 0.00649159401571158 0.006241665220468184 0.006007011808954915 0.005786402536033075 0.005578727924497049 0.00538298610688085 0.005198270547070478 0.0050237593627234884 0.004858706015044813
0.04748199071092807 2.354219076159411 7.258159323610586 0.00023944247559235172
0.06467090382459427 0.06267685043632211 0.06080987336651566 0.05905828586261337 0.057411783507460894 0.05586124708219352 0.05439857796759918 0.05301656003782816 0.051708743240280755 0.050469345018936074 0.04929316649158778 0.04817552088377651 0.04711217219067147 0.04609928241067275 0.0451333659922834 0.044211250375033075 0.043330041698355415 0.04248709490895029 0.04167998762475457 0.04090649721803684 0.040164580665889606 0.039452356787127094
0.012270446582155828 0.011614359302793064 0.01101294529428817 0.01046022734609733 0.009951026206217179 0.009480836108039577 0.009045722307124169 0.00864223631227197 0.008267345418145363 0.007918373857067198 0.007592953437678821 0.007288981966456872 0.0070045880834548515 0.006738101407617143 0.006488027095873186 0.0062530240862885235 0.006031886428228097 0.005823527208980752 0.005626964672153037 0.005441310192662867 0.005265757829693261 0.0050995752251171145
0.07661265741345602 3.514539642513065 4.505178312355388 0.00030104341716433934
0.06591746184111369 0.06383508275947576 0.06188502540227312 0.06005523956320593 0.0583350766532457 0.05671509436881533 0.05518689269255682 0.0537429755959455 0.05237663392506471 0.0510818458249794 0.04985319174888897 0.048685781646851216 0.047575192366746656 0.04651741365131399 0.04550880139799884 0.04454603707729921 0.04362609239135416 0.042746198406362707 0.041903818516833106 0.0410966247019944 0.04032247661919065 0.03957940314908374
0.011641949323215462 0.010969088313087367 0.01035394415933633 0.009790165100717702 0.009272237911152392 0.008795360412764327 0.008355335706785845 0.00794848405703941 0.007571569184811767 0.007221736379130242 0.0068964603339629294 0.006593501024912124 0.006310866256303999 0.006046779763354388 0.005799653957255942 0.005568066564346718 0.0053507405423235555 0.005146526763247228 0.004954389039924738 0.004773391143130348 0.004602685515180289 0.004441503433090149
0.06067419183125389 2.919589620636872 5.659214483674198 0.0005014669435820702
0.06592015081989563 0.06386966823214789 0.061949089482514576 0.06014658776661181 0.05845171548311309 0.056855211019342676 0.05534883676506376 0.05392524268798931 0.052577850936677724 0.05130075782314056 0.05008865023580102 0.04893673408637499 0.04784067283433667 0.04679653448466947 0.04580074573755296 0.0448500521971239 0.04394148373177762 0.04307232422944786 0.042240085114801554 0.04144248209671355 0.040677414698012546 0.03994294818869716
0.012173184758891195 0.011494730201808174 0.010873523036328502 0.010303310299907343 0.009778664175706577 0.009294855855945307 0.00884775111494691 0.008433723470031728 0.008049581658592845 0.007692508821608267 0.007360011301830512 0.007049875372272928 0.00676013053255094 0.006489018266249096 0.006234965356359092 0.005996561019159307 0.005772537248306831 0.005561751867066585 0.00536317387270417 0.005175870727178578 0.004998997305573721 0.004831786260714255
0.06501014620181267 3.081080489189671 5.375571703094573 0.00023880173364551805
0.06622683382660201 0.06415409168060562 0.06221291982294346 0.060391325636765684 0.058678715529521766 0.057065699020914386 0.05554392446170835 0.054105940653155576 0.052745079779242456 0.05145535795934239 0.05023139043448278 0.04906831895948146 0.04796174941840032 0.04690769803704545 0.04590254485272947 0.04494299333293919 0.04402603522232882 0.04314891985047206 0.04230912725800946 0.04150434460167731 0.04073244538352481 0.03999147111983136
0.01181329204268684 0.011146986368232586 0.010537236984246886 0.009977845501381533 0.009463432621058166 0.008989312950458782 0.008551391331070836 0.008146076606498642 0.007770209592832971 0.007421002667702568 0.007095988905536617 0.006792979089148703 0.006510025246174945 0.006245389611917995 0.005997518122097635 0.0057650177008957484 0.005546636740001968 0.005341248269700236 0.0051478354085131095 0.004965478747549065 0.004793345382628057 0.0046306793539757085
0.2010577595069838 5.217924783291333 1.5882664427257298 0.00038992383881092293
0.0670733124904903 0.0649545518053198 0.06296940008610803 0.061105818860496784 0.059353150882842154 0.0577019308149515 0.05614372569027819 0.054670999926678676 0.05327700066132024 0.05195565997989164 0.05070151124761277 0.04950961725734509 0.048375508317795045 0.04729512873353365 0.04626479039473704 0.04528113241096977 0.04434108589998424 0.04344184318726006 0.042580830791058365 0.04175568566603686 0.04096423425987297 0.04020447400500051
0.011923944581666793 0.011223459750056853 0.010583133683654487 0.009996390527436706 0.009457510947061805 0.008961504399013867 0.00850400263306035 0.008081170566730522 0.00768963142849038 0.007326403664871224 0.006988847582070197 0.006674620071388713 0.006381636071040395 0.006108035660383563 0.0058521558789722625 0.005612506521689574 0.005387749290231591 0.005176679786325111 0.004978211917999046 0.004791364360717701 0.004615248773186007 0.004449059515513028
0.17339355857634065 4.988483272076007 1.8822764154927 0.0002227750049461024
0.06701667206500282 0.06489540759044182 0.06290809468200141 0.06104264725365463 0.059288367810780514 0.0576357568616484 0.056076352353206335 0.0546025938466081 0.053207707167404444 0.05188560607229837 0.050630808116168685 0.049438362415861935 0.04830378741881487 0.04722301711632154 0.0461923544098075 0.04520843055675355 0.044268169801038 0.043368758438386175 0.04250761768760167 0.04168237983727249 0.0408908672196476 0.040131073631524024
0.011793391208453997 0.011098652113910663 0.010463705364513817 0.00988200254753634 0.009347849730787174 0.008856279819976899 0.008402946168560124 0.007984033569972118 0.007596183522243473 0.007236431255764218 0.006902152491794842 0.006591018279273674 0.00630095656140931 0.006030119367606133 0.00577685472297582 0.005539682526801588 0.005317273780484344 0.005108432650711141 0.00491208093957694 0.004727244603902931 0.0045530420240003965 0.004388673769995787
0.08753103527883455 3.9347270699763945 3.8565005955800173 0.0002772353946239607
0.06465577751657414 0.06258910870518532 0.060654394278759856 0.05883957468270114 0.05713399614783051 0.0555282145941419 0.054013830983874175 0.052583352479037254 0.05123007487095104 0.049947982624505456 0.04873166357190194 0.047576235840635805 0.046477285039704094 0.0454308100804274 0.044433176292299884 0.043481074724199646 0.042571486708200115 0.04170165291578735 0.0408690462613152 0.040071348110383695 0.03930642733574929 0.038572321833750194
0.011429494597907739 0.010754605396403693 0.010138303853437232 0.009574091736570086 0.009056332609136122 0.008580120567679327 0.008141171329320667 0.007735731495753426 0.007360502663082247 0.007012577707334777 0.006689387095828124 0.006388653486269011 0.006108353202605724 0.005846683437693778 0.005602034241993148 0.005372964525764586 0.005158181438100897 0.004956522596261766 0.004766940728379849 0.004588490365759556 0.0044203162809237345 0.004261643416832095
0.11082075397164093 4.485538421904992 3.01191258178879 0.0004083235384884653
0.06407346165031932 0.06200460822097554 0.06006839912131511 0.0582526750182474 0.056546696525305834 0.05494094600769052 0.05342696115928046 0.05199719465700397 0.05064489531750764 0.04936400706260967 0.048149082697679764 0.04699521006192025 0.04589794855286861 0.04485327438333343 0.043857533215936696 0.04290739905281749 0.041999838447019704 0.04113207925637369 0.04030158328714677 0.039506022278790735 0.038743256767041864 0.03801131743383977
0.01112184158917319 0.010453208082145192 0.009843218468600732 0.009285324037211157 0.008773848037381883 0.00830385265757194 0.007871028641414514 0.007471603324583228 0.007102263723290542 0.006760091971170778 0.006442510926491668 0.0061472381876543055 0.005872247085856718 0.0056157334880934 0.0053760874555919885 0.0051518689733836475 0.0049417871045446095 0.004744682034430875 0.004559509561206098 0.0043853276632646945 0.004221284835040794 0.004066609932755106
0.14537570718198456 4.924084599884459 2.295089107852423 0.00031336027788071664
0.06491232553762337 0.06281674600658167 0.06085533935051444 0.05901582944641599 0.057287370283946315 0.05566034693816549 0.0541262083376588 0.05267732615176668 0.051306875231610205 0.05000873191556877 0.04877738720396404 0.04760787236033519 0.04649569493874771 0.04543678359177912 0.04442744030049274 0.04346429890004737 0.04254428896367186 0.041664604262224327 0.04082267514327439 0.040016144277972544 0.03924284531017598 0.038500784013779106
0.011008444213715078 0.010345293289868654 0.00974029831433549 0.009186973693049709 0.008679695342875044 0.008213569699533978 0.007784324924672398 0.0073882201973701185 0.007021969798008202 0.0066826793395117715 0.006367792012221593 0.006075043114226426 0.005802421462058998 0.005548136535030508 0.0053105904139100326 0.005088353741820257 0.0048801450704328946 0.004684813064307159 0.004501321125626438 0.004328734074672808 0.004166206581316979 0.0040129730921169525
0.488547670947033 6.956501621294648 0.5272280747686152 0.00038366675323001467
0.06481140389876913 0.06271912812443382 0.06076052394396777 0.058923400673482416 0.05719698153255969 0.05557170798478624 0.0540390751172404 0.052591492564438604 0.05122216654686915 0.04992499943630464 0.04869450392923031 0.047525729443876945 0.04641419878463532 0.045355853462511725 0.04434700633917422 0.0433843004885812 0.04246467335477443 0.041585325435468584 0.040743692845140345 0.03993742321359802 0.03916435446062465 0.03842249605752503
0.011139027026906436 0.010459750689313851 0.009840408311278435 0.009274300325273861 0.008755616011209489 0.008279298995974814 0.007840935354245083 0.007436660172486385 0.0070630792520064946 0.006717203270696307 0.006396392234248422 0.0060983084549519 0.005820876621913834 0.005562249788011342 0.0053207803094602255 0.005094994944082039 0.004883573452371086 0.004685330157761832 0.004499198014166321 0.0043242148039190145 0.004159511150931769 0.004004300084672384
0.08243814007107675 3.8710943648959533 4.073373837003444 0.00027543906270320563
0.06395272672509776 0.06190300883141011 0.059984509864292934 0.05818520184318911 0.056494463468332486 0.05490288320220987 0.053402094053745325 0.05198463435130013 0.05064382992159543 0.04937369398030189 0.04816884174192345 0.04702441731379049 0.04593603088348052 0.04489970456527307 0.043911825558138405 0.04296910549979934 0.04206854508988402 0.0412074032089183 0.04038316988579733 0.03959354256987055 0.03883640524917283 0.038109810027059536
0.011376549058830744 0.010704100231965226 0.010090154319922032 0.009528203197490185 0.009012605023330665 0.00853845172482063 0.008101459156132128 0.007697875673114826 0.00732440573284716 0.0069781458022546705 0.006656530392231384 0.0063572864540034505 0.006078394707976119 0.005818056741068734 0.005574666921210515 0.0053467883485410865 0.005133132200690227 0.0049325399411163295 0.00474396795018969 0.0045664742126950725 0.004399206755992111 0.004241393582817167
0.18414728582291073 5.2686054269756255 1.8109192487343304 0.0001656478534115982
0.06581895012491708 0.06369750128961642 0.06171169221133986 0.05984913136541845 0.05809886843802842 0.05645119410373478 0.0548974717295777 0.05342999531742259 0.05204186910723338 0.050726905140400076 0.04947953577714926 0.04829473871563213 0.04716797250330978 0.04609512088740593 0.04507244463875483 0.044096539716529104 0.04316430083115532 0.04227288961787718 0.04141970676073393 0.04060236751156489 0.03981868013531146 0.03906662688476534
0.010882471046795898 0.010228218645767114 0.00963123623646765 0.009085149090185594 0.008584427592815651 0.008124259012345328 0.0077004409501811736 0.007309292466473851 0.006947579669264128 0.006612453186782363 0.006301395439898883 0.006012176026785255 0.005742813846727916 0.005491544842000089 0.005256794439092645 0.0050371539337929015 0.0048313601966584125 0.0046382781826813015 0.004456885816341825 0.004286260894721656 0.004125569709985409 0.0039740571408027085
0.239864739866967 5.560304886801797 1.353342531988429 0.000549094665682114
0.06727739852957232 0.06513252488514909 0.06312376806572169 0.061238785116027844 0.05946665821204124 0.057797698092178 0.05622327860845102 0.05473569689271853 0.05332805470055124 0.051994157338975916 0.05072842725452947 0.04952582989286807 0.048381809869905035 0.04729223583965971 0.04625335272314548 0.04526174018929099 0.04431427646368048 0.04340810669214176 0.04254061521046376 0.04170940117398016 0.04091225708553718 0.040147149830762535
0.011206475558299338 0.010541514835888659 0.009934146381268305 0.009378023140260658 0.008867631499217082 0.00839816598981823 0.007965424990431048 0.0075657235755201635 0.007195820425438796 0.006852856309249153 0.006534302128872736 0.0062379148912694166 0.005961700277568482 0.0057038807203940054 0.005462868095648847 0.005237240292557156 0.0050257210534774 0.004827162578896131 0.004640530477826757 0.0044648907133039125 0.004299398249745241 0.004143287156005468
0.11914220032059153 4.52304513219925 2.8322362857062484 0.0004105548744957789
0.06520134540316891 0.0631067483987345 0.061145923450583645 0.059306657455162407 0.057578157618307035 0.05595085405633332 0.05441623390156103 0.052966701291522214 0.051595458720873004 0.050296406102150984 0.049064054568624525 0.04789345259956765 0.04678012248594158 0.045720005506150754 0.04470941446539621 0.04374499248223186 0.0428236770931965 0.04194266889942008 0.041099404104638776 0.040291530397415815 0.03951688571578914 0.03877347950340615
0.011184967715297062 0.010515849361090011 0.009905141694996927 0.009346353959052896 0.008833855207086416 0.008362743840406042 0.007928739221746877 0.0075280912785996405 0.007157504824254433 0.0068140759677169215 0.006495238491494446 0.006198718479140331 0.005922495795389253 0.0056647712784074905 0.005423938709784876 0.005198560794010517 0.00498734851355699 0.004789143334802605 0.004602901828915556 0.004427682344499607 0.004262633428416207 0.004106983740258882
0.11079395268260772 4.173352886632399 3.061730715767705 0.0002656842007700671
0.06716317270701377 0.06504462904390709 0.0630598021029726 0.06119662351330436 0.059444412988860815 0.05779368744873314 0.05623600028736221 0.05476380547000766 0.053370342160249405 0.05204953640171986 0.050795917024022856 0.04960454345979823 0.048470943574425863 0.04739105994371333 0.046361203284942455 0.04537801196596995 0.04443841669593394 0.043539609647544636 0.04267901738127294 0.04185427704100504 0.041063215372892516 0.040303830187372255
0.011821497570506278 0.011129650448648767 0.01049717587897929 0.009917578398395339 0.009385210480255857 0.008895145643150313 0.008443072751124436 0.008025207630187088 0.007638218891022135 0.007279165451578055 0.006945443731645716 0.006634742872232646 0.006345006636684541 0.006074400894439047 0.00582128578468884 0.005584191815935953 0.005361799286134356 0.005152920512879483 0.004956484448663399 0.004771523326326561 0.004597161037478957 0.004432602994203916
0.04379417615138348 2.1225050548421707 7.937443797320929 0.0004073580892677275
0.06448930764588783 0.06251249994606357 0.060661911172653155 0.058925888617244675 0.057294165773428704 0.055757663198495656 0.05430832252867071 0.052938967427369275 0.05164318653527206 0.05041523448952267 0.04924994785760261 0.048142673441740745 0.04708920689112979 0.04608573994111399 0.0451288149030882 0.0442152852730274 0.04334228152329875 0.042507181301665184 0.04170758339091326 0.04094128488833283 0.04020626115106292 0.039500648124800725
0.01230586548980062 0.011662651430914816 0.011072639644067264 0.010530019026149556 0.010029757510531602 0.009567479553732118 0.009139365526401828 0.008742068656794503 0.008372646119220903 0.008028501583462026 0.0077073370988370695 0.007407112619129156 0.007126011811916997 0.006862413060450047 0.0066148647748476 0.006382064294784333 0.0061628397975737916 0.00595613473102557 0.005760994375270251 0.005576554206267688 0.005402029789311606 0.005236707976143586
0.36611041382960985 6.4939225686658855 0.7983876820596256 0.00013514748547385752
0.06481342259647402 0.06271192218542324 0.06074530901331188 0.05890121392669985 0.05716871151697004 0.055538118863773606 0.05400082647464812 0.05254915566646565 0.05117623776160535 0.049875911360386535 0.048642634655316104 0.04747141031312982 0.04635772089880919 0.045297473175825206 0.04428694990739295 0.043322768018944566 0.04240184217357747 0.041521352968711185 0.04067871909050418 0.03987157286820381 0.03909773875785838 0.03835521435715733
0.010764802969323639 0.010111435532045309 0.009515666058934176 0.008971044323515082 0.008471979739356122 0.008013610326728935 0.007591693923934191 0.0072025175159716945 0.0068428213786309415 0.006509735385444346 0.006200725337983209 0.005913547586981856 0.005646210535965276 0.005396941878298922 0.005164160626684253 0.004946453161805101 0.004742552662434977 0.004551321389371785 0.0043717353851992265 0.004202871225121409 0.004043894514172932 0.00389404987550571
0.06371266292312994 3.4683094665269403 5.2139238203881675 0.0005424337040544748
0.061908352688178854 0.059916488491271645 0.058053128065270646 0.05630637690866259 0.05466574797379482 0.053121961946344914 0.05166678017637464 0.050292864274822366 0.04899365759649679 0.04776328477387511 0.04659646620716795 0.04548844500166146 0.04443492430838316 0.04343201339533734 0.042476181074293726 0.041564215348053615 0.04069318833735633 0.039860425704515756 0.039063479919824146 0.038300106822472445 0.037568245014740764 0.03686599770009079
0.01126849123213384 0.01060836120258042 0.010005727130083882 0.009454149445093036 0.008948055702916848 0.008482605836927275 0.008053580917194172 0.007657290901695552 0.0072904978068951175 0.006950351454346269 0.006634335519834186 0.006340222058717902 0.006066033033708667 0.005810007650633636 0.005570574530018465 0.005346327920006097 0.0051360072987699824 0.004938479829565721 0.004752725224631055 0.00457782264976296 0.004412939363075893 0.004257320831932737
0.3198675545080468 6.090267449421963 0.8944865119199708 0.0005312611188124683
0.06538746628778551 0.06331017916018902 0.0613643827560651 0.0595381848527635 0.05782106268142202 0.056203674545967475 0.05467770118360109 0.05323571162067819 0.05187104929212096 0.0505777349948657 0.04935038388364325 0.048184134226725066 0.047074586047852106 0.046017748109760545 0.045009991961080076 0.044048011984789394 0.04312879056294096 0.04224956761691876 0.04140781390131073 0.04060120752749367 0.03982761327417564 0.03908506430954898
0.011984919012094515 0.011275145062058916 0.010626701307796853 0.010032847275756287 0.009487724819828193 0.008986225940417581 0.008523882669230662 0.008096774991977132 0.007701453573968364 0.007334874679902823 0.0069943451759506454 0.006677475897928388 0.006382141985714007 0.006106449037957677 0.0058487041456843445 0.005607391028756602 0.005381148633346203 0.005168752657810513 0.0049690995636196 0.004781192701131875 0.004604130240167564 0.004437094644945513
0.11616056463502666 4.424411354912159 2.829330177527156 0.0003052802626306114
0.06524942499920162 0.06317049891637051 0.06122359907524104 0.05939673919491557 0.057679319272534696 0.05606193395895787 0.054536211351880935 0.05309467680900487 0.05173063743417781 0.050438083718776415 0.04921160547868025 0.048046319751876 0.046937808741983854 0.045882066231119206 0.04487545115872237 0.04391464728469312 0.04299662803580501 0.042118625782131575 0.04127810491154305 0.040472738170325206 0.03970038582067805 0.03895907723449918
0.011727841884195116 0.0110327834638796 0.010397933727363385 0.009816651071488849 0.009283167424628872 0.008792456626277367 0.008340124927102625 0.007922319540702272 0.007535651985988339 0.007177133595626079 0.006844121069669582 0.006534270353832386 0.006245497441224746 0.0059759449522375965 0.0057239535529878035 0.005488037438796666 0.0052668632436961476 0.005059231846321647 0.004864062631770573 0.004680379842038909 0.004507300707627782 0.00434402510232983
0.05212984742405091 2.541266772692291 6.8801187606074805 0.0004242758701874031
0.06561339606307554 0.06357249575465017 0.06166193603961414 0.05986971895020903 0.058185265176073725 0.05659921203933434 0.05510324473657452 0.053689954685338145 0.052352720071920905 0.05108560467669933 0.04988327181985197 0.048740910873803896 0.0476541742664514 0.04661912327942977 0.0456321812498443 0.044690093028412495 0.04378988974449227 0.042928858088760596 0.04210451345495645 0.041314576389043636 0.04055695188204173 0.03982971111529689
0.011650175737792423 0.011016564931144003 0.010436155685019701 0.009903109459278109 0.009412367912216248 0.008959531349176816 0.008540758601900253 0.008152684153958539 0.007792349217962617 0.007457144156763535 0.007144760173274351 0.006853148608723049 0.006580486514659671 0.006325147420580013 0.0060856764222268975 0.005860768877363086 0.005649252125145135 0.005450069749125275 0.005262267987739437 0.00508498396406661 0.004917435461911836 0.004758912020410228
0.08969561581777707 3.7433818721710312 3.8541793924396734 0.00046942745111172004
0.06720828109464823 0.06509443075889859 0.0631141238026218 0.06125528282513045 0.059507224012635244 0.0578604646715363 0.05630656132643152 0.05483797295023091 0.05344794495395288 0.052130410400025945 0.050879905565869514 0.049691497512654115 0.04856072173686113 0.04748352832215726 0.04645623528361071 0.04547548801893285 0.04453822396277321 0.04364164168838875 0.0427831738227423 0.041960463241395435 0.04117134209251602 0.04041381326816753
0.01178510919156928 0.011102269712293096 0.010477833760459318 0.009905412344334499 0.009379452693029613 0.008895112498740943 0.008448155308182412 0.008034863161704821 0.007651963356906327 0.007296566825773403 0.006966116098130701 0.006658341208045379 0.006371222205730071 0.006102957182255661 0.005851934911019006 0.005616711368491275 0.005395989525147164 0.005188601901780028 0.00499349547145935 0.004809718556980245 0.004636409430792614 0.004472786371463687
0.05517967303657123 2.898201687504284 6.373021286289636 0.000284790009525368
0.06382484032552349 0.061802246086447465 0.059909770153000856 0.058135368353883624 0.05646842586515734 0.05489955325136089 0.05342041611470064 0.05202359212942741 0.05070245050827115 0.049451049936183676 0.04826405178059881 0.04713664599695217 0.04606448763089543 0.045043642202914964 0.04407053856854732 0.04314192809463171 0.04225484919178773 0.041406596405413894 0.040594693399639815 0.03981686927682313 0.03907103776407554 0.03835527887164503
0.011241592278117694 0.010608193542755094 0.010028971264038145 0.009497909379959363 0.009009801180794601 0.00856012286091234 0.008144929361443537 0.007760768161197441 0.007404607593648536 0.007073776978564619 0.006765916408751765 0.006478934463286611 0.0062109724567928105 0.005960374101094865 0.00572565966706305 0.005505503902908296 0.005298717099970649 0.005104228805376178 0.0049210737683819325 0.004748379778107594 0.00458535710803561 0.004431289329788492
0.18617473449919697 5.113018977140202 1.7576453595288444 0.00029563990606463363
0.06713816170201153 0.06500921878018108 0.06301487453988983 0.06114296994826479 0.059382744578724764 0.05772464442759209 0.05616016004068063 0.05468168960896949 0.0532824227239939 0.05195624129984047 0.050697634817634715 0.04950162756681485 0.04836371597344067 0.047279814440998734 0.04624620840044853 0.04525951348670804 0.04431663993863894 0.0434147614669017 0.04255128795515717 0.041723841460013296 0.04093023505785412 0.040168454155429294
0.011636313573065793 0.010949567552706858 0.01032201877341667 0.009747174079469144 0.009219388870029944 0.008733740150458648 0.008285920752311243 0.00787215086144906 0.007489103752990675 0.007133843231814351 0.006803770753317043 0.006496580578290709 0.006210221618971936 0.0059428648767008135 0.0056928755677183125 0.005458789192201243 0.005239290930315589 0.005033197853858415 0.0048394435276803574 0.004657064645271612 0.004485189400620764 0.004323027346080048
0.17121435661905526 5.193371382421315 1.8804560032002646 0.00018375913303801482
0.06467055158659092 0.06258910431255763 0.060640608537615104 0.05881293016806618 0.057095345034605526 0.055478343200200377 0.05395346444303693 0.05251315936531439 0.05115067166143713 0.04985993793361776 0.048635502120511105 0.04747244214441502 0.046366306814768124 0.04531306137318818 0.044309040345936725 0.043350906597285785 0.04243561566258774 0.04156038459135127 0.040722664654958746 0.039920117376070124 0.03915059342141981 0.03841211396994203
0.011314691384801073 0.01063547999174415 0.010015646777503103 0.009448590615350687 0.008928584426230358 0.008450642718796642 0.008010411500812454 0.007604076429949101 0.007228285895055045 0.006880086367067224 0.006556867871265775 0.006256317839555934 0.005976381925937235 0.005715230628034406 0.005471230766240347 0.005242921040317506 0.005028991019529272 0.00482826303303212 0.0046396765174626705 0.00446227445243183 0.00429519157518109 0.004137644115498086
0.04733690818737413 2.219297705730661 7.377751005406411 0.0005732897763002832
0.06586793600936836 0.06385718694840373 0.06197402472599197 0.0602067588315471 0.05854507744994142 0.056979851303419635 0.05550296980978672 0.05410720356115599 0.052786088355627286 0.05153382696875775 0.05034520559811637 0.049215522501389 0.04814052681302214 0.04711636589388937 0.04613953986390771 0.04520686220495565 0.044315425513162074 0.04346257163516659 0.042645865549687495 0.04186307245945053 0.04111213764376153 0.04039116869232013
0.01248584665537546 0.011829622031455421 0.011227592866577022 0.010673870401817349 0.010163348815543743 0.009691583414397364 0.009254690327886011 0.008849263494464766 0.008472305627150973 0.008121170539726285 0.007793514751236721 0.007487256704450631 0.0072005422612246165 0.006931715395388694 0.006679293207651055 0.006441944549164514 0.006218471669958659 0.006007794412451403 0.005808936554125163 0.005621013971378632 0.005443224351807452 0.005274838227275912
0.05842106546876025 2.858104831754166 5.881982287141648 0.00030025769529800993
0.06554118608324408 0.06350035623627104 0.06158908052634555 0.0597955341140089 0.05810927528100108 0.05652105099931103 0.0550226340459739 0.05360668591539675 0.05226664093468068 0.050996607889740524 0.04979128617978959 0.04864589407909835 0.04755610713124142 0.046518005057686114 0.04552802584895732 0.04458292593766252 0.04367974553991246 0.04281577840409207 0.041988545330528544 0.0411957709278574 0.04043536315614425 0.039705395276502076
0.012108737315580681 0.011435571916542098 0.010819223217912207 0.010253474373347869 0.00973293137690136 0.009252896770729196 0.00880926519565831 0.00839843661433153 0.008017243902096549 0.007662892173341761 0.007332907736364755 0.0070250949823760615 0.006737499839739471 0.0064683786826169945 0.006216171788740237 0.005979480605492466 0.005757048215644377 0.005547742500734386 0.005350541586497617 0.0051645212250424856 0.004988843825875913 0.004822748894926409
0.09460333447574609 3.9463044387244626 3.6955412950500675 0.0004963690487988261
0.06652732920301721 0.06441150155279589 0.06243023482308084 0.06057128227074024 0.058823818614336554 0.0571782426379302 0.055626011305018985 0.054159499754366354 0.052771882652993256 0.051457033250995717 0.0502094371712722 0.04902411851505191 0.0478965763021128 0.046822729616393215 0.045798870111553105 0.04482162076105033 0.04388789992445711 0.042994889954648036 0.04214000969590787 0.04132089032625953 0.04053535408263693 0.0397813954782803
0.011272303303692121 0.010609670314308397 0.010004302758385028 0.009449879769016158 0.008940914393255818 0.00847262728135861 0.008040841756379409 0.007641896296548424 0.007272571258653881 0.006930027295812013 0.006611753416282898 0.006315523020914166 0.006039356567916552 0.005781489762309251 0.005540346366868438 0.005314514892107371 0.005102728552750241 0.00490384798361237 0.004716846293688433 0.00454079610745209 0.0043748582999459445 0.004218272179617801
0.07183404721562137 3.399055546557514 4.666753733356808 0.00038702183370032555
0.06527343017839624 0.06322114795941393 0.061298990357836695 0.059495128660968524 0.057799108115134966 0.05620165663712981 0.05469452418988348 0.053270347313609086 0.0519225343915715 0.05064516808471095 0.049432922045028714 0.04828098955428291 0.04718502216286474 0.04614107674723393 0.04514556968104373 0.04419523703905557 0.04328709993497266 0.04241843424288227 0.04158674407372953 0.04078973847838109 0.04002531093151776 0.03929152121911122
0.012069336879302455 0.011376935247943379 0.010743665363778548 0.010163040407467709 0.009629428017020363 0.009137920567455679 0.008684227531441761 0.008264585788625304 0.007875684589240059 0.007514602533445929 0.007178754443685713 0.006865846414928726 0.006573837651166519 0.006300907954405443 0.00604542993884583 0.005805945208888245 0.005581143873540728 0.005369846878314383 0.005170990723945057 0.0049836142133126695 0.004806846926936602 0.004639899175928197
0.18016900329160168 5.170020222886095 1.804276227376118 0.0004065169825752074
0.06591772952306997 0.0638107364779003 0.06183768462532373 0.05998640792894447 0.05824614732874649 0.05660735637155814 0.05506153766072244 0.05360110466501907 0.05221926448714958 0.05090991802988167 0.04966757466314457 0.048487279026009925 0.04736454802273657 0.04629531641434297 0.045275889683867164 0.04430290307808127 0.04337328591148945 0.04248423036822045 0.04163316416044954 0.04081772650339645 0.040035746950846 0.03928522670478736
0.011439572508243633 0.010758273180639382 0.01013614454952708 0.009566649692003744 0.009044111949227152 0.00856358533856737 0.008120746721886498 0.007711805735365028 0.007333429277269383 0.0069826779739157446 0.0066569525381885925 0.006353948327899342 0.006071616724980824 0.005808132207949726 0.005561864192356448 0.005331352877289203 0.0051152884683779865 0.004912493255402853 0.004721906110466478 0.004542569044625599 0.00437361551996723 0.004214260262810764
0.19140981492920517 5.1441107289311825 1.6659661802176537 0.00027021667576216285
0.06687658563845872 0.06476463150957257 0.06278583012521598 0.06092818661305746 0.05918108203657617 0.057535084841054664 0.055981791956210114 0.05451369434401633 0.05312406278400781 0.05180685048321109 0.050556609730278264 0.04936842031890205 0.04823782787145539 0.04716079052107322 0.046133632675409104 0.045153004800776886 0.04421584834128081 0.043319365031671046 0.04246098998121161 0.0416383680037069 0.04084933274989732 0.04009188826581451
0.011998447229912234 0.011293701629772633 0.010649468861023812 0.01005913586683049 0.009516950736542431 0.009017894322127615 0.008557573189119429 0.008132130024451924 0.00773816838366761 0.007372689261104392 0.007033037443988854 0.0067168559918842205 0.006422047487470732 0.006146740949273633 0.005889263494205475 0.005648115997408655 0.005421952126505803 0.005209560232989834 0.005009847669843996 0.004821827175320401 0.0046446050210984385 0.004477370671163475
0.2522153688145037 5.621188075833128 1.2296877742428587 0.00025008488392981836
0.06679813078606 0.06468174307641782 0.06269909975878189 0.060838123847843366 0.05908812704938945 0.05743961899427 0.05588414655167006 0.05441415792244777 0.05302288723662905 0.05170425618894616 0.05045278989018926 0.049263544626470895 0.04813204563120508 0.047054233307198705 0.04602641660543322 0.04504523248586297 0.044107610564035324 0.04321074219351894 0.0423520533543096 0.041529180816546885 0.04073995113098804 0.03998236206591002
0.011790237429936512 0.011095485603745264 0.010460560952284446 0.009878906228799562 0.009344820631761647 0.008853331726238669 0.008400088717245383 0.007981273181451108 0.007593524129468825 0.007233874876044454 0.006899699675516329 0.006588668462290497 0.006298708341844968 0.006027970723219758 0.005774803181706207 0.005537725300365114 0.0053154078687793725 0.0051066549231292 0.00491038819803163 0.004725633631378563 0.0045515096216307786 0.004387216785060895
0.19001185546976274 5.239314383323743 1.7247056795677682 0.0004865731969944714
0.06633539285697762 0.06421476232523321 0.06222895190213838 0.06036571466021474 0.058614220119624576 0.05696485855489065 0.05540907633304241 0.05393923678524063 0.052548502181651954 0.051230733223000056 0.049980403132069084 0.04879252396277958 0.04766258317266117 0.04658648884920834 0.04556052225922028 0.0445812966163865 0.04364572114670371 0.04275096968212632 0.041894453136719426 0.0410737953216937 0.04028681164017482 0.03953149027268633
0.01130887401468368 0.010635349314358146 0.0100203232678042 0.009457332683734965 0.008940765016576376 0.0084657302126695 0.008027954074592154 0.007623689192180459 0.007249640271370862 0.006902901309166174 0.006580902551825821 0.006281365562073753 0.006002265031436989 0.005741796222538403 0.005498347126255478 0.005270474580223463 0.005056883726093328 0.004856410289434183 0.0046680052530605545 0.004490721565707773 0.004323702586418249 0.004166172013158509
0.05433893706851167 2.430725560165803 6.421144848170141 0.00029310608726087757
0.06777395334657065 0.06571584213535313 0.06378703322443545 0.06197582373983057 0.06027187118755939 0.05866600303349675 0.05715005709549681 0.055716747141003664 0.05435954920831298 0.053072605049371134 0.051850639783904154 0.050688891401874714 0.04958305018633633 0.048529206476448816 0.04752380546965039 0.0465636079873035 0.04564565631077712 0.04476724434363737 0.043925891477207116 0.04311931963657931 0.04234543306644516 0.0416023004841688
0.012796114988168366 0.012114965269064111 0.01148999826567414 0.010915160117896058 0.010385190530546762 0.00989550161748749 0.009442077657788272 0.009021391769979105 0.008630336340966806 0.008266164691018266 0.007926441959535723 0.007609003591271993 0.007311920114063496 0.0070334671459488214 0.006772099766032804 0.006526430540619796 0.006295210622404777 0.006077313442388398 0.005871720596724823 0.005677509597858107 0.005493843214139146 0.005319960167066879
0.07034544903044637 3.384524058142134 4.914345848830489 0.00030166423903753
0.06520366968312759 0.06313856723827453 0.06120517392306305 0.05939144164812239 0.05768673099539171 0.05608161374262839 0.054567707272975136 0.05313753509815229 0.051784408872607296 0.05050232817687514 0.04928589505879867 0.04813024088436031 0.04703096349848626 0.04598407305532858 0.044985945166404515 0.04403328024838676 0.043123068141763865 0.04225255722597359 0.04141922738294619 0.04062076626479048 0.03985504840695187 0.03912011679902844
0.011521015331977203 0.010856793082966656 0.01024962515876382 0.009693210312483193 0.009182083678136653 0.00871148871645448 0.008277271158840038 0.007875790792213126 0.007503847779154347 0.007158620872420759 0.006837615404176695 0.006538619341059928 0.0062596660214081145 0.005999002449590328 0.005755062228955868 0.005526442380604653 0.00531188342863604 0.005110252240448369 0.004920527198265295 0.004741785349447336 0.004573191241524451 0.00441398719579615
0.1747725038191299 5.155907846578406 1.9155075500034229 0.0003449920321511389
0.06601849771422146 0.06389528398304097 0.06190761937258824 0.06004313905321316 0.058290914212097804 0.05664125283732729 0.05508553222298279 0.053616057551586764 0.052225942010898654 0.05090900477075637 0.04965968383464117 0.04847296132968587 0.047344299238395914 0.046269583928819094 0.04524507812537613 0.04426737919409956 0.04333338280458248 0.04244025118509443 0.041585385313842274 0.04076640049357545 0.039981104842899344 0.03922748030914417
0.010972755601516953 0.010314619087748495 0.009713978211704501 0.009164445398784577 0.008660478294444995 0.00819725175505814 0.0077705514447699575 0.0073766850502498165 0.007012407919105963 0.006674860553001893 0.006361515881047746 0.006070134631799761 0.00579872743538269 0.005545522537959731 0.005308938212242927 0.005087559110241394 0.004880115935998907 0.004685467922950054 0.004502587687655406 0.004330548102949567 0.0041685108920299545 0.004015716693174507
0.060298155210585014 3.174324704032776 5.704713071495623 0.00023359764874458376
0.0634564821667243 0.06143495056728147 0.05954337144710352 0.057769744497235334 0.05610348787543889 0.054535236901801155 0.05305667570178934 0.051660395744162604 0.05033977644520719 0.04908888396621591 0.04790238508122328 0.046775473584142295 0.045703807174386685 0.044683453134935734 0.043710841417322954 0.042782723990093315 0.04189613950314849 0.04104838247959759 0.04023697637667399 0.03945964996377478 0.03871431655331156 0.03799905569243972
0.011306466983954811 0.010657457271629703 0.010064367725825033 0.009520976299651122 0.009021896066800313 0.008562445513014695 0.008138541493531248 0.00774661048935229 0.00738351470903788 0.007046490291297767 0.006733095416008922 0.0064411665640702965 0.006168781507306891 0.0059142278793016334 0.005675976392414692 0.005452657937454857 0.005243043939793574 0.005046029456332771 0.004860618587214071 0.004685911848819657 0.004521095213852214 0.00436543057275444
0.047178764713982524 2.2771240873800895 7.508907813290935 0.00026878699711570546
0.06523436816874917 0.06322434940584953 0.06134261250776294 0.05957733469451687 0.057918095459852506 0.056355675933173296 0.054881891481619156 0.053489451350350596 0.05217184041666393 0.05092321912485696 0.04973833844277799 0.048612467288976106 0.04754133035969412 0.046521054666511456 0.04554812340016552 0.044619335980671936 0.04373177335115424 0.04288276773267305 0.04206987618749852 0.04129085744467961 0.04054365152912826 0.03982636180745002
0.012017880297795606 0.011380366126605963 0.010795853780949402 0.010258547497976622 0.009763426991939852 0.009306126023098577 0.008882832546689942 0.0084902061857407 0.008125309687540225 0.00778555172728998 0.00746863896626574 0.00717253569453829 0.006895429718714287 0.006635703414834265 0.0063919090717147395 0.006162747812916477 0.0059470515154967695 0.005743767247903162 0.005551943833282186 0.005370720212355606 0.005199315335156948 0.00503701935589732
0.06752656526252776 3.197046710293266 5.1240902271759925 0.00029926791822397985
0.06599070990450005 0.0639206697129833 0.06198201801818062 0.06016278683346522 0.05845240253646054 0.05684149096828236 0.05532171392684068 0.05388563138270276 0.052526584873142095 0.05123859841423611 0.05001629396835488 0.04885481905743374 0.04774978455318427 0.04669721102837889 0.04569348233736891 0.04473530532356716 0.043819674738006874 0.042943842605039834 0.042105291395628776 0.04130171047092247 0.04053097534314328 0.03979112937065534
0.011842596028668391 0.011169928134864959 0.010554515235900074 0.009990077330786868 0.00947116364927639 0.008993026180965378 0.008551514870512283 0.008142990392223388 0.007764251253473532 0.007412472629145652 0.00708515484129357 0.006780079801813381 0.0064952740555009915 0.006228977315102042 0.005979615583082339 0.005745778117828215 0.00552619763330008 0.005319733227386562 0.005125355620469412 0.0049421343560262865 0.00476922667262735 0.004605867803915336
0.062202275526624384 3.115931734547746 5.492585787037161 0.0002651081201422516
0.06468093108394476 0.06264351435181259 0.06073601774444987 0.05894654316537929 0.057264587146692816 0.0556808446053048 0.05418704444064442 0.052775811176105726 0.05144054800847783 0.0501753375388696 0.048974857174240494 0.04783430675485843 0.04674934641334238 0.04571604303093053 0.04473082394575443 0.04379043680122954 0.0428919146118049 0.04203254527728881 0.04120984490284175 0.04042153438504748 0.039665518809605234 0.03893986927660136
0.011782772551825867 0.011113657425658919 0.010501658330754844 0.009940480441187826 0.009424665501230362 0.008949463223231988 0.00851072491882318 0.008104815126870828 0.007728537878072392 0.007379074917956931 0.007053933743292915 0.0067509037259731435 0.006468018929392543 0.00620352648491426 0.005955859605303954 0.005723614479555188 0.005505530428228761 0.0053004728071726695 0.005107418235631578 0.0049254417964759364 0.004753705914860885 0.004591450669646472
