0.21665069007407511 4.330646135685126 1.4333461487506294 0.0003513572957131326
0.07763750248018343 0.07543108410012404 0.0733547215923051 0.07139746911860896 0.06954955511957357 0.06780223170157876 0.06614764619611131 0.0645787312462539 0.06308911043177425 0.06167301697286901 0.06032522348021894 0.05904098106618299 0.057815966414890445 0.05664623564040938 0.05552818395213248 0.054458510302995984 0.05343418632547426 0.052452428967536616 0.0515106763299678 0.05060656628090742 0.04973791748578262 0.04890271254313089
0.016061579427578816 0.015223371370866493 0.014450685023450935 0.01373696850556063 0.01307645269025777 0.012464043952329489 0.011895233316066758 0.011366019257536364 0.010872841912507383 0.0104125268412469 0.009982236825425966 0.009579430435677931 0.009201826322989588 0.00884737236262281 0.008514218923230022 0.008200695652268148 0.007905291266544146 0.007626635917595572 0.007363485768718749 0.0071147094763002105 0.006879276314701293 0.006656245722925487
0.24741630058362585 4.5444018328364 1.2321186924847296 0.00042296993708771806
0.0776735319989709 0.07546666169459114 0.07338986633039016 0.07143219868588144 0.06958388599802974 0.067836179314348 0.06618122502580506 0.06461195493279286 0.06312199185411947 0.06170556831803114 0.060357456302132746 0.05907290633644062 0.057847594566878935 0.05667757660805761 0.055559247204212514 0.05448930487372471 0.05346472084200826 0.052482711674834044 0.05154071511339943 0.05063636868692597 0.04976749074090424 0.04893206357143681
0.01606015052234452 0.015222338276561857 0.014450003725471082 0.013736600100197768 0.01307636275531053 0.012464201997520926 0.011895612303435037 0.01136659518297835 0.010873593440644579 0.010413434986712013 0.009983284674520051 0.009580602903115833 0.009203109939135555 0.008848755087222188 0.008515689982172824 0.0082022453943829 0.007906911037822678 0.007628317950598338 0.007365223085212312 0.007116495801439553 0.00688110600129506 0.006658113684516872
0.08771770636950038 2.611115737788073 3.8167343129253775 0.0003516709891551245
0.07875597863728467 0.07656581299353436 0.07450410614745821 0.07256007235260399 0.07072408380489813 0.06898752156145349 0.06734264855244364 0.0657825010200294 0.0643007953863179 0.06289184808859101 0.061550506352363234 0.06027208822280408 0.05905233045950386 0.05788734313165136 0.05677356994077578 0.05570775345446233 0.054686904563359194 0.05370827558050739 0.05276933649066595 0.0518677539311736 0.05100137254764078 0.05016819841955342
0.016644557411937908 0.015807077655681498 0.015034070846309686 0.014319135876901505 0.013656635778124182 0.013041592535102545 0.012469598136304175 0.011936739101606555 0.011439532242259864 0.010974869811598953 0.01053997253283512 0.01013234925525442 0.009749762205336887 0.009390196974650418 0.00905183652972045 0.008733038646651953 0.008432316270024087 0.008148320375428857 0.007879824981132804 0.007625714009232834 0.007384969742388268 0.007156662660383984
0.07566482275344177 2.016724989399274 4.761000825834325 0.00047117908212627384
0.08270876854469321 0.08046931437628503 0.07836041445762748 0.07637114373462119 0.0744917499761106 0.07271350231249296 0.07102856235125254 0.06942987409214219 0.06791106956018632 0.06646638763127649 0.06509060397259686 0.06377897038142011 0.06252716209877476 0.0613312319130056 0.06018757006321561 0.05909286911255858 0.058044093093113654 0.05703845033298476 0.05607336946661081 0.05514647820446338 0.054255584501098 0.053398659813123105
0.016574584788448286 0.01578250901902036 0.015050217764086564 0.014371826993984418 0.013742154721651864 0.013156623800361585 0.012611179883411618 0.012102221937174647 0.011626543186232295 0.011181280758972312 0.010763872614811015 0.010372020586250912 0.010003658572851471 0.009656925089694143 0.009330139507761149 0.009021781433886364 0.008730472768370398 0.008454962052784459 0.008194110781948769 0.007946881404980904 0.007712326782608815 0.007489580903193658
0.0776548007335296 2.282557840739465 4.350262263436642 0.0008458961897962655
0.07956232559233355 0.0773786611966694 0.07532270480054581 0.07338374923997915 0.07155223716651196 0.06981961272728943 0.06817819530025752 0.06662107160745515 0.06514200320335234 0.06373534687530777 0.06239598592796926 0.061119270674861795 0.059900966745651145 0.05873721005002043 0.05762446742926786 0.05655950218289765 0.05553934378618773 0.054561261221176924 0.05362273943187491 0.052721458488079034 0.05185527510365589 0.05102220620666612
0.01700644733046681 0.016171722222597752 0.015400641696943102 0.014686913441552556 0.014024996206558489 0.013409996096006332 0.01283757895570202 0.012303896106138242 0.011805521179480428 0.011339396228185366 0.010902785601478303 0.010493236351256024 0.01010854414399135 0.009746723830058075 0.00940598396457055 0.009084704690653143 0.008781418492022288 0.00849479340085486 0.008223618312304138 0.007966790111248278 0.007723302361956982 0.007492235348983665
0.2450687556866964 4.330880231507428 1.291971141890404 0.00042292895219967267
0.08090314443604682 0.07864615557863966 0.07652074849714881 0.07451597265883857 0.07262203938108568 0.07083017442810437 0.06913249207271567 0.06752188713294704 0.06599194211471648 0.06453684709387669 0.06315133037798089 0.06183059831946107 0.06057028292256528 0.059366396108280255 0.058215289683988126 0.05711362021526604 0.056058318122003806 0.05504656042467186 0.054075746652964066 0.05314347750125832 0.052247535875893356 0.051385870030178235
0.01629151487790368 0.01545876055773748 0.01469008580013625 0.013979176470557715 0.013320462193693703 0.01270901583603254 0.012140468152096727 0.011610935090176112 0.011116955699639934 0.010655438943290858 0.010223618011805345 0.00981901097655915 0.009439386812720277 0.009082735984861182 0.00874724491922845 0.008431273795587224 0.008133337181534188 0.007852087106805426 0.0075862982371808245 0.007334854859355927 0.007096739431440482 0.0068710224900325936
0.05454886566410444 1.5129844835859847 6.325607411306758 0.00032335253569697897
0.07813766150940955 0.07602024154280328 0.0740284493271461 0.07215152595184937 0.07037990063341064 0.06870503215707367 0.06711927483891104 0.06561576473754063 0.06418832266568607 0.06283137120120189 0.061539863413546905 0.06030922143432079 0.05913528333181539 0.05801425701683399 0.056942680123647074 0.055917384986257895 0.05493546797425057 0.0539942625707468 0.05309131567242113 0.05222436667209443 0.05139132895129349 0.05059027346586503
0.016985919371079714 0.016205343794396785 0.015483887640094986 0.014815612654227954 0.014195313002626664 0.013618409432087482 0.013080860781242683 0.012579089688920709 0.012109919971735314 0.011670523633780695 0.011258375859735669 0.010871216651280947 0.010507018013007761 0.010163955791383709 0.009840385429214362 0.009534821026437155 0.009245917202266352 0.008972453338569468 0.008713319853740076 0.008467506213269348 0.008234090430108582 0.00801222984666337
0.05689322541576691 1.56506625161747 5.9803949426780365 0.0004262122770133768
0.07889998922595964 0.07677788562012391 0.07478075346262651 0.07289798186333317 0.07112012063962703 0.06943872699186301 0.06784623563376971 0.06633584833902031 0.06490143963238404 0.06353747596269209 0.06223894618041918 0.06100130153182194 0.05982040369489928 0.05869247963586023 0.05761408227064834 0.05658205608401157 0.05559350699616606 0.054645775880221584 0.05373641522691276 0.0528631685305429 0.052023952034369464 0.05121683852732694
0.017483893779087295 0.016679625530068506 0.01593594125374978 0.015246807831909235 0.014606928042278462 0.014011635586251465 0.013456807080682621 0.012938787977950133 0.012454329969984482 0.012000537899598575 0.011574824573817354 0.011174872170103347 0.010798599163632083 0.01044413189460714 0.010109780048722278 0.009794015448833012 0.009495453657598671 0.009212837973934952 0.008945025474231833 0.008690974805334163 0.008449735482550166 0.008220438484278676
0.2528307880812414 4.418893396116682 1.2364472748785253 0.00035416482644496424
0.0802693069729067 0.07802259499645608 0.07590712514883845 0.07391195284920198 0.07202729709468408 0.07024439253975369 0.06855536315973919 0.06695311398169837 0.06543123799331794 0.06398393584719167 0.06260594638847211 0.061292486367959684 0.06003919797546631 0.0588421030518088 0.057697563021585054 0.05660224374053621 0.05555308457684054 0.05454727114994762 0.053582211237429005 0.052655513432915 0.051764968199035144 0.05090853101043239
0.016270956150898887 0.015436156114637263 0.014665773985678575 0.013953445485600907 0.013293557924320848 0.012681148368984417 0.012111817213019257 0.011581654595777301 0.0110871775786872 0.01062527635246802 0.010193168049257946 0.009788356977293968 0.009408600294957683 0.009051878304236516 0.00871636867782575 0.00840042404471171 0.008102552450529404 0.007821400284811738 0.007555737330286348 0.007304443641927531 0.0070664980073953595 0.006840967777303135
0.09093820810047892 2.522253291396547 3.708977747803143 0.0006401036560775069
0.08099099150695566 0.07877950472837689 0.07669631626331612 0.07473077555115021 0.07287336255214663 0.07111554383377239 0.0694496497426962 0.0678687692038908 0.06636665931105185 0.06493766737399664 0.06357666349410211 0.06227898206789092 0.06104037088699337 0.059856946722009356 0.05872515645782006 0.05764174299621093 0.05660371526428148 0.055608321768824076 0.054653027221499555 0.053735491830304585 0.052853552912009494 0.05200520852995875
0.01722905453396761 0.016378624215655703 0.01559269756631897 0.014864961721989225 0.014189846790360434 0.013562425019690115 0.012978325308775915 0.012433660493142347 0.011924965306877587 0.011449143293880616 0.011003421245120305 0.010585309984365897 0.010192570525119274 0.009823184785155037 0.009475330179273295 0.009147357521248038 0.008837771757018987 0.008545215126532113 0.008268452414176614 0.008006357999821937 0.00775790446590738 0.007522152552401277
0.04102841239725519 0.6962211593163582 8.537807984683994 0.00047807044360658276
0.07772003207224817 0.07569845852794217 0.07379828303888866 0.07200889063962918 0.07032087303252874 0.06872586172860279 0.06721638805850996 0.06578576516260362 0.06442798805421682 0.06313764861941924 0.06190986302039519 0.06074020944656059 0.05962467453633749 0.05855960709495289 0.05754167797634905 0.05656784519304593 0.055635323476415095 0.05474155763894378 0.05388419919563172 0.0530610857883358 0.05227022302832689 0.05150976843145629
0.017811960348750752 0.01709382628541045 0.016428957284492344 0.015811940359323377 0.015238053088497025 0.01470315892587661 0.014203620666843511 0.013736228564074976 0.013298140325970589 0.012886830802597522 0.012500049608370287 0.01213578527790007 0.011792234824211604 0.0114677777839018 0.011160954004725231 0.0108704445673744 0.010595055342402102 0.010333702771097382 0.010085401530147817 0.009849253797573032 0.009624439884407152 0.009410210035065605
0.060868744896253046 1.9015908000765231 5.343165023887096 0.0005680146831892538
0.076643570746838 0.07454522174615419 0.07257061813486246 0.07070926396391611 0.06895180719935197 0.06728988952816849 0.06571601895698066 0.06422346131614215 0.06280614751246501 0.06145859395510335 0.060175834044231685 0.05895335898585058 0.0577870664976999 0.05667321621580295 0.05560839081024746 0.0545894619815468 0.05361356064247217 0.05267805070026114 0.05178050594506815 0.05091868962600008 0.05009053635892235 0.049294136062722906
0.017434626014056834 0.016599096382549635 0.015827275876871175 0.01511280397850648 0.014450092604514636 0.01383421695037971 0.013260823749391892 0.012726053878141016 0.012226476826253364 0.011759035015888555 0.011320996329267032 0.01090991350102031 0.010523589272199443 0.010160046396562067 0.009817501746801512 0.00949434389612739 0.009189113654900119 0.008900487127470887 0.008627260924630455 0.008368339225021863 0.008122722426834192 0.007889497170914896
0.08932263199893498 2.4670288393876607 3.881802345211542 0.00047497946226128133
0.0815027253428666 0.07926955628189117 0.07716636126693631 0.07518231051620869 0.07330772853024797 0.0715339464921525 0.06985317639921393 0.06825840334266006 0.06674329300111527 0.06530211193509383 0.06392965869103545 0.06262120406482015 0.06137243915256724 0.060179430043530456 0.059038578196051884 0.05794658569074008 0.05690042468157074 0.05589731047046728 0.05493467771811541 0.05401015937649875 0.05312156798951187 0.05226687905909559
0.016722820970625045 0.015896691607089584 0.015133411198435342 0.014426803292595014 0.01377142206041368 0.01316245255744358 0.012595626259503898 0.012067149300395966 0.011573641309170473 0.011112083121742791 0.010679771946437173 0.010274282810052403 0.009893435311923765 0.00953526487737553 0.009197997836157271 0.00888002976167902 0.008579906597673388 0.008296308173965004 0.008028033775240289 0.0077739894784313295 0.007533177017448606 0.007304683970048913
0.054317206077274194 1.3166071617968111 6.2509843830211045 0.0006545909143705818
0.08050441147888972 0.07839291492499884 0.07640479589346555 0.07452964697399841 0.07275819379054031 0.07108214580681332 0.06949406991010752 0.06798728285538891 0.06655575939568135 0.06519405351499716 0.06389723065091797 0.06266080917127628 0.0614807096732379 0.06035321091886814 0.05927491142094607 0.0582426958557075 0.057253705612663325 0.05630531290140959 0.05539509792597212 0.054520828712329494 0.05368044323720851 0.05287203355836523
0.018381186475723423 0.017569126203328934 0.01681725722006436 0.01611964316765415 0.015471067931574219 0.014866933153676657 0.01430317229575196 0.013776178291278328 0.013282742400354517 0.012820002339434786 0.01238539812000604 0.0119766343194264 0.011591647738648405 0.011228579587720415 0.010885751490282229 0.01056164472012898 0.010254882182081152 0.00996421273039703 0.009688497484365868 0.009426697855348876 0.009177865044633231 0.008941130808819111
0.06513572629338327 1.8196024060191034 5.305024862433705 0.00099645508358827
0.08022477693450508 0.07805488419077669 0.07601214521003541 0.0740858440647761 0.07226642547482466 0.07054534332857994 0.06891493205708049 0.06736829698608716 0.06589922051520485 0.06450208155011558 0.06317178607620638 0.06190370713379704 0.0606936327557689 0.05953772067239137 0.05843245878701173 0.057374630589021786 0.05636128480421332 0.05538970869288735 0.05445740449732908 0.053562068616047766 0.052701573145335905 0.05187394948151524
0.017172319353924225 0.0163626856676442 0.015614196552218315 0.014920796835207 0.014277161415106732 0.013678592775815372 0.01312093474911411 0.012600499678736027 0.012114006681755628 0.01165852913430308 0.01123144985310332 0.010830422720649843 0.010453339724325795 0.010098302559657244 0.009763598093843268 0.009447677104586738 0.009149135806420728 0.008866699756430577 0.00859920979687353 0.008345609746370832 0.008104935596227212 0.00787630600573086
0.04979709173205615 1.106483542738439 6.778867717452374 0.0004806115721182152
0.08007637864351137 0.0779971676207572 0.07603978895551347 0.07419391405907726 0.07245034686171622 0.07080087334488087 0.06923813428544882 0.06775551717350255 0.06634706404137831 0.06500739255564342 0.06373162821175264 0.0625153458611525 0.06135451911377405 0.06024547641150653 0.05918486277299606 0.0581696063767782 0.057196889285985694 0.05626412172968758 0.05536891944804937 0.05450908368471232 0.05368258347305268 0.05288753991569017
0.01871598563030078 0.01791331438424135 0.017169870945666563 0.01647979490192921 0.01583794305367687 0.015239786099903705 0.014681322251318551 0.014159004693358759 0.01366968043058072 0.013210538524390442 0.012779066115688633 0.012373010925460557 0.011990349166806248 0.011629257994559852 0.011288091773649596 0.010965361572576564 0.010659717389967464 0.010369932704872135 0.010094891009089543 0.009833574035277225 0.009585051440273029 0.009348471740795509
0.07405529080385787 2.1636421150821605 4.702443177775587 0.0003959042800707945
0.07990208909669635 0.0777024426431421 0.07563205979070091 0.07368003866202148 0.07183665621885435 0.07009321500435083 0.0684419128734201 0.06687573184204557 0.06538834290294081 0.06397402422754174 0.06262759063406027 0.06134433257204518 0.06011996317411818 0.058950572169693634 0.0578325856548209 0.05676273087566552 0.05573800531756327 0.05475564950257095 0.05381312299041427 0.0529080831542085 0.052038366366131496 0.05120197128162709
0.016477459485234085 0.015672342788663616 0.014928777767619241 0.014240643242353928 0.013602554811529706 0.013009762057724356 0.012458061897870564 0.011943725283090659 0.011463434977837778 0.011014232567758664 0.010593473181955136 0.010198786685910335 0.009828044319917328 0.00947932993505731 0.0091509151229698 0.008841237653402924 0.008548882730010423 0.00827256665417981 0.008011122552098602 0.007763487874398629 0.007528693422649308 0.00730585369437613
0.07133188703675586 2.0416185706032115 4.8847417045280315 0.0005124259787670848
0.08031401480698358 0.07811910590542054 0.07605292175765793 0.07410462130661336 0.07226453497445069 0.07052401235612323 0.06887529277280798 0.06731139483332745 0.06582602186606601 0.06441348065457637 0.0630686113680478 0.06178672694696676 0.06056356050314834 0.05939521953626105 0.05827814596725947 0.05720908115162404 0.05618503516895805 0.05520325979582341 0.05426122466011199 0.05335659615124364 0.052487218723875226 0.05165109828585427
0.01672232786329486 0.01591576115823847 0.01517053001521552 0.014480551691205051 0.013840474914992762 0.013245577784702737 0.012691681725791572 0.012175078722316003 0.011692469559622947 0.011240911235694102 0.010817772034050252 0.010420693021046356 0.010047554948281223 0.009696449717396829 0.009365655708119367 0.009053616387573205 0.008758921714865706 0.008480291933802005 0.008216563411607487 0.00796667623531371 0.007729663322084051 0.007504640836890241
0.06226637797462775 1.861973820660589 5.418650416235138 0.0006184037833494786
0.0780922210756697 0.07595702716253154 0.0739477714784958 0.07205376753868 0.07026549435588741 0.06857444326767734 0.06697298803510017 0.06545427423885418 0.06401212474648857 0.0626409586193503 0.061335721303756745 0.06009182433306094 0.05890509307566705 0.05777172131398442 0.05668823164272021 0.055651440841137975 0.05465842951029022 0.05370651537854983 0.0527932297716125 0.051916296820166075 0.05107361504254144 0.05026324099321831
0.01706262672826555 0.016248880859087156 0.015497105949774378 0.014801114846810497 0.014155472492104903 0.013555389469236944 0.0129966325697073 0.012475449371713463 0.011988504401877249 0.011532824908988222 0.01110575464437227 0.010704914336066549 0.010328167779105805 0.009973592653933843 0.009639455338613403 0.009324189105438392 0.009026375194498894 0.00874472634023789 0.008478072395649313 0.008225347755341793 0.007985580325496918 0.007757881827595911
0.06395710081911499 1.700736669215719 5.417406984894919 0.0008223736324375556
0.08119129864293126 0.07902054596575195 0.07697644699682064 0.0750483692202836 0.07322682809387257 0.07150333759776077 0.06987028328593045 0.0683208140306591 0.06684874936143752 0.06544849986636272 0.0641149985781187 0.06284364163212265 0.061630236779872824 0.06047095858041981 0.059362309288458946 0.058301084617630644 0.05728434368917062 0.056309382584561 0.05537371101066456 0.05447503166045058 0.053611221914630476 0.052780317581550044
0.017543491880025606 0.01673067040580316 0.01597873700968577 0.015281695236105635 0.014634268906175538 0.014031801260468237 0.013470170064912116 0.01294571588649158 0.01245518127704414 0.011995659026386156 0.011564547983899828 0.011159515218778159 0.010778463507440893 0.010419503313151628 0.010080928566128293 0.009761195669141288 0.009458905249001698 0.009172786252615027 0.00890168205071077 0.008644538265577092 0.008400392083228125 0.008168362847086419
0.05902166364360717 1.628802741274268 5.72240483015224 0.0007150815892243416
0.07930602489913845 0.077178354892781 0.0751754622408313 0.07328680647035667 0.07150299333965572 0.06981562441639949 0.06821716950282768 0.06670085800387979 0.06526058606978898 0.06389083692972436 0.06258661230064917 0.06134337313101292 0.0601569882417504 0.0590236896724384 0.05794003374011285 0.05690286698137461 0.05590929628222145 0.05495666261022921 0.05404251785478056 0.053164604356585085 0.052320836770622985 0.051509285959168316
0.017705371689803875 0.016887335357692948 0.01613078766350874 0.015429635301222782 0.01477852303353478 0.01417272930135284 0.013608078542577774 0.01308086726060218 0.012587801453424115 0.012125943466600248 0.01169266669346306 0.011285616834083993 0.010902678655782778 0.010541947384488564 0.01020170400722312 0.0098803938886412 0.009576608204604325 0.009289067777649991 0.009016608966480526 0.008758171317034874 0.008512786728554132 0.008279569926089535
0.06653751636220406 1.8738063275079502 5.189347579660111 0.00042557037650792727
0.08021273566915926 0.07803879101181406 0.07599220545928452 0.07406225296652415 0.07223936794318953 0.07051499402846272 0.06888145563823192 0.06733184843172411 0.06585994556271016 0.06446011715319667 0.06312726088660896 0.06185674198708931 0.060644341150433906 0.05948620923493028 0.058378827718297784 0.0573189740889883 0.05630369147329552 0.055330261909589874 0.05439618277196638 0.05349914592116831 0.05263701922365432 0.05180783013237476
0.017120961407764885 0.016309313398868094 0.015559040567251678 0.014864066185731575 0.014219045235078895 0.01361926190751942 0.01306054331586243 0.012539186578114595 0.012051896984667538 0.01159573538288671 0.011168073255904144 0.010766554246932245 0.010389061101647489 0.010033687180170902 0.00969871183550941 0.00938257907377372 0.009083879008371267 0.008801331699889389 0.008533773038867688 0.008280142382763051 0.008039471703256884 0.007810876037341657
0.045562388243116425 1.1414882866064127 7.441870430420921 0.0005343344406837761
0.07630913972369194 0.074264551883675 0.07234231533320677 0.07053181673320096 0.06882363458499646 0.06720937696094671 0.06568154490297184 0.06423341690699581 0.06285895081539551 0.06155270014956847 0.060309742475355296 0.059125617839156895 0.057996275667821354 0.056918028810318426 0.05588751362888831 0.054901655233332 0.053957637103395434 0.05305287446779082 0.0521849909097899 0.0513517977528393 0.05055127584870097 0.04978155944793622
0.01738746074299155 0.01662531531472193 0.015920580690816543 0.0152674394260156 0.01466080529275682 0.014096214846522919 0.013569737314849607 0.013077899368410247 0.012617622038037315 0.012186167591336254 0.011781094613270135 0.01140021987424197 0.011041585837559034 0.010703432871522157 0.010384175401801102 0.010082381376491114 0.00979675452643238 0.009526118992544602 0.009269405964388881 0.00902564203328464 0.008793939011725111 0.008573485010636235
0.2267507229943081 4.0622308399782945 1.4280997838196186 0.0004055761061461153
0.08299153730250239 0.08071389650779054 0.07856776109417754 0.0765422957941715 0.0746278035956734 0.07281558274835835 0.07109780438783489 0.0694674074586576 0.06791800820220754 0.06644382194914222 0.06503959534113533 0.06370054742070351 0.06242231828503684 0.06120092421096411 0.060032718332281514 0.05891435609464506 0.05784276483267508 0.056815116913328904 0.05582880597258597 0.054881425841974946 0.053970751819821416 0.05309472399123306
0.016742252251188718 0.015901681212974837 0.015124912086227855 0.014405738932154747 0.01373867767999499 0.013118869768918354 0.012542000148660819 0.012004227296554697 0.011502123320928273 0.01103262255570716 0.010592977323842175 0.01018071977009901 0.009793628846440298 0.009429701683407479 0.009087128704712202 0.008764271944596579 0.00845964611237048 0.008171902019066656 0.007899812039942701 0.007642257335686513 0.007398216596341858 0.00716675610654148
0.2504412883776913 4.1893087547981285 1.254214040730894 0.0005859248663999928
0.08316184855820116 0.08089739688241727 0.07876310816679179 0.0767483065230502 0.07484343257362752 0.07303990380093495 0.07132999494559346 0.06970673524019287 0.06816381982902815 0.06669553318137551 0.06529668267778264 0.06396254085251908 0.06268879502415768 0.06147150325083839 0.06030705571553433 0.05919214078631747 0.05812371511259531 0.057098977214878464 0.056115344106330664 0.055170430551960525 0.0542620306281258 0.053388101292893
0.017250144935560485 0.016391598034002065 0.015597797223795116 0.014862482410519537 0.014180117511240656 0.013545794341513775 0.012955150748202162 0.01240430067629167 0.011889774262751618 0.011408466379678014 0.010957592317431203 0.01053464951810321 0.010137384449842544 0.009763763860836524 0.009411949774105532 0.0090802776855147 0.008767237511425574 0.008471456902315438 0.008191686597008955 0.007926787540942608 0.007675719532781734 0.007437531198089913
0.09259449160098787 2.5815983150339474 3.8356936327488524 0.0004397710473889596
0.08126044949037373 0.07900539941845794 0.07688247544526024 0.07488059519674456 0.07298986496517233 0.07120142680534791 0.06950732827195823 0.06790041104396724 0.06637421536555288 0.06492289778189098 0.06354116009062134 0.0622241877881227 0.060967596580977834 0.059767385770689505 0.058619897514400665 0.05752178112444085 0.05646996170159131 0.0554616125063075 0.05449413056297722 0.05356511506800311 0.05267234823579781 0.051813778269871394
0.01591111658847151 0.015113131891880481 0.01437646693076401 0.01369504232195564 0.013063503586029247 0.012477121457950135 0.011931707569785595 0.011423542900290268 0.010949316864310598 0.01050607529912239 0.010091175914621598 0.009702250025020037 0.009337169583329129 0.008994018705859556 0.008671069009648789 0.008366758197032116 0.008079671413167277 0.00780852497793227 0.0075521521562197606 0.007309490682639741 0.007079571799940007 0.0068615106066155975
0.057277559772055286 1.6036936286244305 6.025042233066041 0.0004024354413669202
0.07867667033607813 0.07654409021423521 0.07453761488408842 0.07264649239834368 0.07086115173771013 0.0691730461996287 0.06757452083763607 0.06605869979402869 0.06461939016126281 0.06325099963600082 0.06194846573048129 0.06070719470684268 0.05952300872258564 0.05839209993603119 0.057310990532219545 0.056276497802173905 0.055285703549631283 0.05433592721535771 0.05342470220486915 0.05254975498462107 0.05170898657757623 0.05090045614396486
0.017020519673336724 0.016231379506176077 0.015501995007376515 0.014826386122789349 0.014199305757125547 0.013616134716602573 0.01307279371153066 0.012565669350992318 0.01209155166246478 0.011647581143503088 0.011231203728757189 0.010840132355260781 0.010472314048689008 0.010125901645919463 0.00979922942464129 0.009490792036634166 0.00919922624369028 0.008923295038688167 0.008661873802756676 0.008413938205721457 0.00817855360343193 0.007954865723976603
0.2090113082172783 4.103455121271799 1.552867142118162 0.00037288619356301946
0.08052835973965265 0.07827102420148956 0.07614564684129083 0.07414121588121159 0.07224789096654184 0.07045685417109415 0.06876018275302512 0.06715074011585229 0.06562208206221652 0.06416837593881566 0.0627843306849754 0.0614651361341318 0.06020641019249636 0.05900415274449786 0.057854705319867916 0.05675471571009409 0.05570110684849758 0.05469104937327232 0.053721937380365195 0.05279136694622839 0.05189711706179064 0.05103713267053129
0.016082331980556717 0.015255535241938175 0.014492621243401574 0.013787272057275904 0.0131339164884702 0.012527628835963433 0.01196404297217149 0.011439279203416636 0.010949881828011392 0.010492765675313744 0.010065170206956239 0.009664620004041533 0.009288890662295749 0.008935979279596044 0.008604078853794153 0.008291556018814709 0.007996931637994548 0.007718863849062645 0.0074561332178715726 0.007207629710266398 0.006972341235167842 0.006749343548557445
0.08430594777370204 2.425355382584743 4.138513860051965 0.0005282785233655062
0.08042562853206033 0.07820109377077876 0.07610696741438815 0.07413229640633634 0.07226730510130115 0.07050324334463755 0.06883225713382715 0.06724727810060001 0.06574192874083767 0.06431044087133093 0.06294758523694197 0.06164861055113485 0.060409190544669714 0.05922537783514688 0.05809356362475913 0.05701044239351074 0.05597298088697759 0.054978390806732017 0.05402410470207804 0.05310775463713469 0.05222715327029942 0.05138027703592371
0.016296140541522286 0.015486139361781696 0.014738245836662538 0.014046299594077955 0.013404876672202018 0.01280918782461564 0.01225499259326519 0.011738526459367134 0.011256438879739913 0.010805740414862042 0.010383757475968711 0.009988093477839967 0.009616595394203323 0.009267324883757613 0.008938533294502206 0.008628639968474239 0.008336213363029787 0.008059954582331129 0.007798682976817828 0.007551323521624923 0.00731689572916045 0.007094503887975029
0.07090336490889204 2.201580026348803 4.839645931301847 0.000367938962168874
0.07799700036716899 0.07582473348134094 0.07378106510924332 0.07185506475010153 0.07003699323104103 0.06831814657872202 0.06669072350203835 0.06514771247842792 0.06368279518486208 0.062290263611474 0.06096494867399273 0.05970215852599341 0.05849762508304539 0.057347457523342145 0.05624810173520069 0.05519630485022662 0.054189084139281564 0.053223699662449296 0.052297630158585025 0.05140855173840585 0.05055431901038509 0.04973294832330011
0.016239466696835132 0.015436986955189505 0.014696425220326914 0.014011566190969679 0.013376949884364789 0.012787765209358459 0.012239760425446753 0.011729167533357707 0.01125263820397649 0.010807189299284956 0.010390156396233507 0.009999154011215462 0.009632041453884702 0.009286893425969936 0.008961974632494814 0.008655717796472007 0.008366704569259153 0.008093648911737833 0.007835382589788184 0.007590842483955468 0.0073590594599577475 0.007139148585542993
0.07456947589918261 2.190942071702958 4.563255947488028 0.0008183229324504062
0.07959017288882539 0.07740760039014036 0.07535286088087371 0.07341521378279504 0.07158507515199644 0.0698538679692451 0.06821389478085531 0.06665822894701495 0.06518062144400327 0.06377542071855194 0.06243750353621014 0.061162215123733966 0.059945317195910175 0.05878294269362663 0.05767155625321796 0.05660791958563339 0.055589061074518484 0.05461224901018753 0.05367496796594331 0.05277489789765829 0.051909895609699296 0.05107797828234451
0.01693287534968922 0.016106346272295725 0.01534281495416844 0.014636042261040004 0.013980536258932516 0.013371448563931151 0.012804486868938696 0.012275840865091864 0.011782119294821737 0.011320296288893807 0.01088766547327676 0.010481800600513052 0.010100521677754545 0.009741865740226834 0.009404061562792861 0.00908550771995911 0.008784753501213226 0.008500482268054495 0.008231496904707253 0.007976707068873093 0.00773511799405075 0.0075058206325987024
0.05577296613651239 1.5379916718430608 6.085649835057467 0.0005058344065161757
0.07855407031948955 0.07643995745874511 0.07445053410091271 0.07257519320431832 0.0708044906013098 0.06912999100149614 0.06754413761767848 0.06604014133475933 0.06461188611931792 0.063253847983929 0.06196102531151639 0.06072887873839778 0.05955327911117696 0.05843046228845994 0.05735698976604889 0.056329714273590084 0.05534574962926286 0.054402444253021744 0.053497357832896816 0.05262824071669503 0.05179301566613207 0.05098976166437289
0.017473846461718442 0.016671668356343098 0.01592995652753555 0.015242678999434656 0.014604541457409257 0.01401088168734494 0.013457581136009361 0.012940990516561465 0.012457866985077184 0.01200532088919636 0.011580770466983569 0.01118190317447607 0.010806642560766229 0.010453119802630301 0.010119649166577427 0.009804706792456729 0.009506912295443393 0.009225012767044852 0.0089578688244418 0.008704442413942783 0.00846378612091723 0.008235033777137366
0.0675118530319807 1.9562244560437476 4.977478508320081 0.000645757299596043
0.07944391553232798 0.0772895498832983 0.07526115180652324 0.07334814078800812 0.07154107715960374 0.06983151402532496 0.06821187138353722 0.06667532870865588 0.06521573294848516 0.06382751944656209 0.0625056437429044 0.06124552256453098 0.06004298260695453 0.05889421594349624 0.0577957410916399 0.05674436892329821 0.05573717273556129 0.054771461905586044 0.05384475864202341 0.05295477741916585 0.0520994067415551 0.051276692938313446
0.01746790550641671 0.016634109524065688 0.015863382092356562 0.015149492767804145 0.014486958223519645 0.013870938175328534 0.01329714765476716 0.012761782794930895 0.012261457828945402 0.011793151426713536 0.011354160836749524 0.010942062574284666 0.010554678618341286 0.01019004725998106 0.009846397889938597 0.009522129133029703 0.009215789834343823 0.008926062482463087 0.008651748721111277 0.00839175665536848 0.008145089704007442 0.007910836787315441
0.06402194383428739 1.7891318205008409 5.376509746432825 0.0005827749581149892
0.08003366576037389 0.07787101936369104 0.07583514142610351 0.07391534238825764 0.07210209145286034 0.07038686518869075 0.06876201900434689 0.06722067760837543 0.06575664129903423 0.06436430550593134 0.06303859146936576 0.06177488631607176 0.06056899109132967 0.05941707555185403 0.05831563872304923 0.057261474387170164 0.05625164080275563 0.05528343406603015 0.05435436461626038 0.053462136462853325 0.05260462877514326 0.05177987952861208
0.01725005380164162 0.016439100124980625 0.015689358612220334 0.014994765375857944 0.014349988361505908 0.013750324465896002 0.013191612995063525 0.012670162594295794 0.012182689328987369 0.011726264030844579 0.011298267371400885 0.010896351403388268 0.01051840653472931 0.010162533081086594 0.009827016689852997 0.009510307048097685 0.009210999384727804 0.00892781835727088 0.00865960397962237 0.008405299301535612 0.008163939595711931 0.007934642845801542
0.06783349069484323 1.767632423848029 5.3758541253368595 0.0002459250777858375
0.08245642783757418 0.08023269791744929 0.07813919609118089 0.07616495125754097 0.07430018054074158 0.07253613417735814 0.07086496381483916 0.06927961024959287 0.06777370737519198 0.06634149970307597 0.06497777129209661 0.06367778430455591 0.06243722571451539 0.06125216094422306 0.06011899340829318 0.059034429112025194 0.05799544558721851 0.056999264561776404 0.056043327852852945 0.05512527605091085 0.0542429296267364 0.053394272147530994
0.016496597076239947 0.015725105479303114 0.015011720851463519 0.014350694367040609 0.01373697051255697 0.01316608965561705 0.012634106085187549 0.012137518807817148 0.011673212902579059 0.011238409649552378 0.010830623975626128 0.01044762802513808 0.01008741987513421 0.009748196586561234 0.009428330921832904 0.009126351172479622 0.008840923633139748 0.00857083733403625 0.008314990706518179 0.008072379907787286 0.007842088573615926 0.007623278803326097
0.06931698439102285 1.982586083435852 5.169664157438318 0.0004033574985425279
0.0802983229757217 0.07808982504743038 0.07601164164655101 0.07405272037069452 0.07220321244625094 0.07045431491989515 0.06879813675062908 0.06722758473621597 0.06573626596969497 0.06431840412860024 0.06296876738533659 0.061682606117836214 0.06045559891517257 0.05928380562877934 0.058163626428430815 0.05709176599266773 0.0560652021033659 0.055081158029534186 0.05413707818087587 0.05323060659087548 0.052359567855165115 0.051521950206073815
0.01608386194905836 0.015308274304732493 0.014591951591552226 0.013928972890554359 0.01331413603056423 0.012742856152930897 0.012211080427161026 0.011715216077812812 0.011252069425580116 0.010818794076774807 0.010412846739674096 0.010031949422125657 0.009674056986845866 0.009337329220225583 0.00902010671592158 0.008720889992909793 0.008438321364392432 0.008171169153232596 0.00791831391480286 0.007678736381952802 0.007451506891359975 0.00723577608753821
0.06282077749323667 1.6220488382114167 5.509233275627553 0.0003326138797729888
0.08162527104466506 0.07945843560941669 0.07741773453621408 0.0754925992676201 0.07367360071691097 0.07195230105915884 0.07032112782607813 0.06877326652975746 0.06730256874466262 0.06590347313886685 0.06457093739538201 0.06330037932658354 0.06208762577746631 0.060928868151157486 0.05982062358389003 0.05875970095526835 0.057743171050008715 0.056768340294858326 0.05583272758341455 0.05493404377551702 0.05407017351953693 0.053239159097451236
0.017806361531390362 0.016990703794451396 0.016235854205587506 0.01553584168001377 0.014885411192039889 0.014279923581042792 0.013715271213665886 0.01318780672692085 0.012694282605304431 0.012231799765397197 0.011797763657196654 0.01138984666076823 0.011005955773690736 0.01064420476011957 0.010302890074588221 0.009980469989573953 0.009675546450602724 0.009386849260394953 0.009113222257534987 0.00885361120798862 0.008607053171576468 0.008372667141903465
0.22836466003998956 4.308868195267106 1.33974614494148 0.0008102276030593162
0.07881291608121752 0.07660575368016005 0.07452755919366848 0.07256757481238756 0.07071618672476322 0.06896477965437856 0.06730561262683012 0.06573171250650987 0.06423678246107163 0.0628151230098349 0.06146156371638068 0.060171403914246836 0.05894036112297333 0.057764526031630514 0.0566403231077653 0.05556447603887448 0.05453397733700428 0.05354606153962965 0.052598181525409564 0.051687987534813594 0.050813308545463225 0.04997213570233802
0.016708156176730243 0.015850349847754054 0.015058767404460707 0.014326863568874165 0.013648866286655782 0.013019671935011683 0.012434756382232511 0.011890099274073938 0.011382119391177116 0.01090761930127931 0.010463737838125629 0.010047909189984272 0.009657827585731837 0.009291416734527866 0.00894680331323052 0.008622293909578855 0.008316354923311451 0.008027595005443642 0.00775474968081567 0.007496667853116776 0.007252299936801647 0.007020687398201787
0.19754682072943974 4.075025396235882 1.6074308867611757 0.0003921021621398301
0.07915695533018619 0.07693174933504365 0.07483684092694717 0.07286133832624349 0.07099551035904836 0.06923063859444085 0.06755889110241796 0.06597321430266471 0.06446724000531166 0.06303520525416825 0.06167188299553848 0.06037252193125347 0.059132794188405835 0.05794874966258332 0.05681677607577611 0.05573356394220628 0.05469607576117334 0.053701518860489156 0.05274732140109416 0.051831111126141444 0.05095069649875122 0.05010404992382934
0.01634395303774473 0.015500884484918265 0.014723116305381867 0.014004175790644838 0.013338356891897971 0.012720616067119144 0.01214648391830552 0.011611989998764102 0.01111359863946071 0.010648154022874164 0.010212833040746125 0.009805104722826145 0.009422695228460889 0.009063557560603548 0.008725845299630705 0.00840788976791863 0.008108180129984788 0.00782534601078351 0.007558142279387742 0.0073054356991565095 0.007066193190495903 0.00683947149002444
0.18990074539210977 3.9788775788222757 1.701658908396206 0.0005525294953379782
0.07980088232175124 0.07756094079594616 0.07545203967149297 0.07346323541837574 0.0715847495304687 0.06980782023868135 0.06812457588645814 0.0665279264342784 0.06501147019091187 0.06356941337861931 0.06219650055229328 0.060887954228286856 0.05963942235277104 0.05844693246401425 0.05730685158758902 0.0562158510558052 0.055170875568718344 0.05416911591872822 0.05320798488797078 0.05228509590055415 0.051398244072741385 0.05054538935549705
0.016236065429045633 0.015399742242061849 0.014628119340860423 0.013914791167519197 0.01325410995026725 0.012641082882745854 0.012071284871988058 0.011540784275049914 0.011046079505543713 0.010584044764614007 0.010151883453933126 0.0097470880750763 0.009367405621234816 0.009010807632414776 0.00867546422102943 0.008359721486695131 0.008062081831542604 0.007781186764035039 0.0075158018430246595 0.007264803466905986 0.007027167257121969 0.006801957822478435
0.24947018889529737 4.322725584149255 1.2313236507703509 0.0004596751556243917
0.08083379303301119 0.07860077153266325 0.07649718788516185 0.07451233336825502 0.07263662885382446 0.07086148231730005 0.06917916697819534 0.06758271673646973 0.06606583615983903 0.06462282275476795 0.06324849964169031 0.06193815707105484 0.06068750147528616 0.059492610963911174 0.058349896343825314 0.05725606689105161 0.05620810022003547 0.055203215696056004 0.05423885091937312 0.05331264087920865 0.05242239943396802 0.051566102823181206
0.017014590260544124 0.016154134970455498 0.015359352767793344 0.014623822044479793 0.013941872004768076 0.013308481929784243 0.012719195530214437 0.012170047913035513 0.011657503125993297 0.01117840059864708 0.010729909087749142 0.01030948697057019 0.00991484792286226 0.009543931176695395 0.009194875683971395 0.008865997619253546 0.008555770744863342 0.008262809235369872 0.007985852620367183 0.007723752556009831 0.007475461178952042 0.007240020832570436
0.0702569413057349 2.0964020997181563 5.048920635841668 0.0004943915004910371
0.07923034015178443 0.07703087976573852 0.07496166364771899 0.07301161086442275 0.07117085022414349 0.06943056136554243 0.06778283994824068 0.0662205828405368 0.06473738996918606 0.06332748010924606 0.06198561838266799 0.06070705362882246 0.05948746412875363 0.058322910423363766 0.05720979417618899 0.056144822203520954 0.05512497493590508 0.05414747869145521 0.05320978123769836 0.05230953019856404 0.05144455392967146 0.05061284454066591
0.015905876217408233 0.01512749994001217 0.014409022572550906 0.01374443158487301 0.013128446556815877 0.012556415664275653 0.01202422866403237 0.011528243475200343 0.011065224009735525 0.010632287345256553 0.010226858685323928 0.009846632834365918 0.009489541141406247 0.009153723050103807 0.008837501541299966 0.008539361875285636 0.008257933139851048 0.007991972191208807 0.007740349641525588 0.007502037601794245 0.007276098934309087 0.007061677806819879
0.10620503244007595 2.9041044116161077 3.207821617448825 0.0007630704268652865
0.08036671756510863 0.07813216243056749 0.07602814270100812 0.074043757642526 0.07216926883997152 0.0703959517729818 0.06871596917955099 0.06712226263060855 0.06560845938297498 0.06416879209664492 0.06279802942168458 0.06149141580044851 0.06024461910823071 0.05905368498237308 0.057914996876125543 0.05682524102700729 0.055781375656273405 0.054780603821303786 0.05382034943028504 0.05289823600163732 0.05201206781183405 0.05115981312665408
0.01638966933323326 0.015558492010348438 0.014791234195126528 0.014081581099407492 0.013423965702540836 0.012813466916045457 0.012245723262456001 0.011716859475753613 0.011223423899199222 0.010762334934311137 0.010330835100689335 0.009926451514923926 0.00954696179937892 0.009190364597254606 0.008854854006166821 0.008538797354237758 0.008240715834915887 0.007959267593071124 0.007693232918267145 0.007441501253848564 0.007203059774497966 0.006976983321756551
0.051548470834379634 1.2953034559905825 6.62426170583786 0.0004974132974826569
0.07888928715555185 0.07679327423532765 0.07482099599752404 0.07296189401589484 0.0712065735914603 0.06954664852158143 0.06797460989084844 0.06648371469365028 0.06506789090545391 0.06372165625786619 0.06244004847956784 0.06121856517014871 0.06005311179886847 0.05893995658243655 0.05787569120819008 0.0568571965417668 0.05588161259949017 0.05494631218145867 0.054048877656688504 0.05318708047049947 0.05235886300975605 0.05156232251606052
0.017773930207856975 0.016984652081069244 0.016254416795996242 0.015577330897127204 0.014948226256516255 0.014362555200387046 0.0138163028656642 0.013305913645994214 0.012828229210727368 0.012380436070926442 0.011960021054070253 0.011564733356771243 0.011192552090119207 0.010841658428696227 0.010510411632284665 0.010197328336866825 0.009901064614957657 0.00962040038951471 0.00935422585447286 0.009101529611379163 0.008861388278048464 0.008632957363522428
0.24043583668841673 4.345540595818873 1.3272776335460246 0.0003673709453301712
0.08040879415219326 0.07815051130808594 0.07602440803560931 0.07401943935578705 0.07212573685795746 0.07033445883945791 0.06863766235420207 0.06702819359360256 0.06549959366269684 0.06404601733034362 0.06266216275039654 0.061343210490703556 0.06008477048423519 0.05888283574391248 0.057733741869516006 0.056634131529139174 0.05558092322515989 0.05457128376056867 0.053602603909663954 0.05267247687078705 0.05177867914049627 0.05091915350045348
0.015979023065928796 0.015156177077380031 0.014397005811224545 0.013695201750469614 0.013045204161560851 0.012442097664207967 0.011881526177709953 0.011359619692118395 0.010872931769497043 0.010418386050126623 0.009993230338428178 0.009594997087543678 0.009221469300907427 0.008870651032474914 0.008540741801471295 0.008230114348103381 0.007937295248064812 0.007660947979400239 0.007399858098235009 0.0071529202323253145 0.006919126645205793 0.006697557160420749
0.06442425664955997 1.9833641947010152 5.306059547108611 0.0008575797897140543
0.07773084838286294 0.07558093107610503 0.07355840401922595 0.07165241282519152 0.06985329097901341 0.06815240329131499 0.06654201318974506 0.065015169769731 0.06356561129474453 0.06218768244767569 0.06087626312361149 0.059626706946742464 0.05843478801067272 0.057296654597869895 0.05620878884265104 0.05516797147256103 0.0541712509028084 0.05321591607352949 0.05229947251477114 0.05141962120297027 0.050574239838356634 0.049761366227524605
0.016496470702742565 0.0156966537144456 0.014958252022475563 0.014275097638560875 0.013641775551927348 0.013053516820295933 0.012506108792580968 0.01199581943085419 0.01151933328263787 0.011073697117524576 0.010656273610984477 0.010264701753363314 0.009896862899194845 0.009550851563216401 0.009224950224351255 0.008917607524804175 0.0086274193541102 0.008353112392052605 0.008093529753439329 0.007847618434666855 0.007614418309092911 0.007393052457312085
0.24268639105995948 4.2695953175819845 1.3347608718084285 0.0005550894992578707
0.08190400181010467 0.07962353254422694 0.07747585813558369 0.075449940499151 0.0735359112717704 0.07172492358936405 0.07000902542221064 0.06838105096730468 0.06683452721941283 0.06536359334552279 0.06396293089545073 0.06262770321359572 0.06135350268828878 0.06013630469778079 0.05897242729507034 0.057858495824990974 0.05679141179223564 0.05576832540308412 0.054786611290366716 0.05384384700374691 0.05293779390824729 0.05206638018511264
0.01606829885699966 0.015248760054830975 0.014492178991471344 0.013792361789630397 0.013143843056325237 0.01254178757711285 0.011981906818293996 0.011460387795297849 0.010973832299947271 0.01051920483127649 0.01009378786061034 0.009695143294797698 0.00932107919217357 0.008969620942222506 0.008638986248574655 0.008327563361112919 0.008033892090793256 0.007756647213646407 0.0074946239310509115 0.007246725103936724 0.007011950020873903 0.006789384495466016
0.20962137737446895 4.013404903128079 1.5417087859294967 0.000650579948390321
0.08168867059513958 0.07942816452656618 0.07729879878866136 0.075289715189245 0.07339120171030476 0.07159454783611129 0.06989192083963927 0.06827625963751516 0.06674118342401182 0.06528091278018051 0.06389020134845458 0.06256427648432585 0.06129878755943267 0.06008976080602525 0.05893355977033835 0.05782685058911636 0.05676657142515132 0.05574990549882722 0.05477425723702475 0.05383723113132142 0.05293661295665141 0.05207035305143013
0.016611626266999285 0.015769702469498673 0.014992129218657384 0.01427260684563497 0.013605572952010304 0.012986103413106928 0.012409828218277635 0.011872859714092502 0.011371731247234014 0.01090334455336744 0.010464924522593516 0.010053980204156378 0.009668271103057308 0.009305777977211603 0.008964677472237462 0.00864332003704667 0.008340210651259077 0.008053991968419381 0.007783429539745083 0.007527398833854283 0.007284873810377565 0.007054916840986145
0.06511470548542353 1.8341542845148762 5.310315088948051 0.00035945145577288205
0.08002791903079448 0.07785832734975594 0.07581602356560083 0.07389026756210103 0.07207148383141489 0.07035110931078642 0.06872146419991948 0.06717564185842928 0.06570741461218842 0.06431115287872521 0.06298175548736913 0.06171458944433868 0.06050543769558391 0.05935045368577045 0.05824612171191299 0.05718922223389951 0.056176801438633205 0.05520614446540017 0.05427475179182011 0.05338031835593004 0.05252071505343397 0.05169397230222817
0.017078781206347197 0.01627138489328199 0.015525067294742593 0.014833770699291628 0.014192168785295745 0.013595563815113485 0.013039800148879132 0.012521191215317374 0.012036457622943766 0.011582674529122898 0.011157226731120459 0.010757770221251189 0.01038219917199814 0.010028617497828466 0.00969531428714611 0.009380742517285996 0.009083500563080363 0.008802316089587469 0.008536031985452098 0.008283594047757586 0.00804404017427997 0.007816490856487493
0.07832264232094588 2.2740129157758306 4.390165600030064 0.0003986551251176939
0.08008264640650616 0.07788193661301188 0.07581006356105344 0.07385621305614383 0.07201073364933552 0.07026498645190979 0.06861121731378979 0.06704244763168321 0.06555238073844834 0.0641353213742971 0.06278610618227677 0.061500043527482215 0.06027286122913205 0.05910066103063571 0.057979878825782157 0.05690724981763428 0.05587977791726745 0.05489470879745299 0.05394950610596703 0.05304183041778879 0.05216952056774757 0.05133057705737529
0.016727422953445616 0.015906110435743987 0.01514747943424563 0.014445324914148275 0.01379418363155912 0.013189231525529782 0.012626197065876072 0.012101287824261104 0.011611128043599367 0.011152705387336766 0.010723325376960732 0.01032057228980899 0.009942275502833922 0.009586480441589985 0.009251423435319515 0.008935509894911245 0.008637295325678382 0.008355468765309383 0.008088838302142494 0.007836318382631432 0.007596918661533645 0.00736973418559813
0.07102812097786404 1.7955188763109509 5.043027965739511 0.000408149437805205
0.08359851739494474 0.08137320533737527 0.07927691003608785 0.07729888376380047 0.0754295289434459 0.07366024989106651 0.07198332664049599 0.0703918071551373 0.06887941491292285 0.06744046939520451 0.06606981744806924 0.06476277383793619 0.06351506960976097 0.06232280708936104 0.06118242056196591 0.060090641815464335 0.05904446986560164 0.05804114428682177 0.057078121660741624 0.05615305472773004 0.05526377388843003 0.05440827075347136
0.017250614993017003 0.016448713637659432 0.015706619794870275 0.015018489367752083 0.014379172881995986 0.013784119438904518 0.013229295656616551 0.012711117016604651 0.012226389516223447 0.011772259914561177 0.011346173168864817 0.010945835908466957 0.010569184994957716 0.010214360381091634 0.009879681614259953 0.009563627439323125 0.009264818044949502 0.008981999571120516 0.008714030556145268 0.008459870051777698 0.008218567176770287 0.007989251913975544
0.24587655065338576 4.196198554486351 1.299370749802423 0.0005389450668923374
0.08293998278065645 0.080664168480613 0.07851975054052542 0.07649590265851129 0.07458293588812447 0.072772155747249 0.07105573993228016 0.06942663332018173 0.06787845752579486 0.0664054327553054 0.06500231008165433 0.06366431258162131 0.06238708403131267 0.06116664406789581 0.05999934889942575 0.05888185678850217 0.057811097654871184 0.05678424624143299 0.05579869837105263 0.05485204989100805 0.053942077960221144 0.053066724383519795
0.0167691554519803 0.01592752318629506 0.015149763676287965 0.014429664484754476 0.013761735809809019 0.013141114015590413 0.012563479540620896 0.012024986837842042 0.01152220441343424 0.011052063366975003 0.010611813108744846 0.010198983153259877 0.009811350071088756 0.009446908831411641 0.009103847891758273 0.008780527493852917 0.00847546070945577 0.008187296850713637 0.00791480691839435 0.0076568708105664495 0.0074124660554939804 0.007180657867126831
0.08704744324278446 2.5906547995555664 3.8520609282296867 0.0004051394386602273
0.07882092869650417 0.07663021532409003 0.07456798484882345 0.07262344923103911 0.07078697876430892 0.06904995291090518 0.06740463324953132 0.06584405486468377 0.0643619331761601 0.06295258374433733 0.0616108530198077 0.06033205835640777 0.05911193589147897 0.057946595129555176 0.056832479255961695 0.055766330363219166 0.05474515890217405 0.05376621677657881 0.05282697358855579 0.051925095616299585 0.051058427167167804 0.050224974001125994
0.016646623378960633 0.01581006600615872 0.015037883808767364 0.014323686089773245 0.013661845142238659 0.013047391191049263 0.012475923555008832 0.011943535276793949 0.011446748974115779 0.01098246207172987 0.01054789990147716 0.010140575422544035 0.009758254529289757 0.009398926089281084 0.009060775997462007 0.008742164649898314 0.008441607337216314 0.008157757137643858 0.007889389955611309 0.007635391406708173 0.007394745295453058 0.007166523470463147
0.06911472937385132 2.1350423437067225 4.912977541852734 0.0005302880510630557
0.07797676201196524 0.07581663164784681 0.07378411070949774 0.07186837299202598 0.07005977047688529 0.06834967910509519 0.06673036785339848 0.06519488716079308 0.0637369734907977 0.06235096740329964 0.06103174298134411 0.05977464683771648 0.05857544523294107 0.0574302780853562 0.05633561885692777 0.05528823946459344 0.054285179503414646 0.0533237191803564 0.05240135545065619 0.051515780926092075 0.05066486518891656 0.0498466381991083
0.016559238893626305 0.015747278276006138 0.014997719801170869 0.0143043170130132 0.01366158107776969 0.013064674173662234 0.012509319781158589 0.011991726918366407 0.011508525927378182 0.011056713864292095 0.010633607902930055 0.010236805449077445 0.009864149893191496 0.009513701116489538 0.009183710017135359 0.008872596446950718 0.00857893005024682 0.008301413579389818 0.00803886833006935 0.007790221395703937 0.007554494487208119 0.007330794103241322
0.05100825193458536 1.0654853145326442 6.851664793755358 0.0003595139647274186
0.08152267117713477 0.07941125585425449 0.07742356806818967 0.07554911455120959 0.07377855341712462 0.07210354104090372 0.07051660258650445 0.06901102206331629 0.0675807485845147 0.06622031612747856 0.06492477459463519 0.06368963037106198 0.0625107948946323 0.06138454001213857 0.06030745910356788 0.05927643312657292 0.05828860087199846 0.05734133283523218 0.056432208201989145 0.05555899452474015 0.05471962973040382 0.05391220615357369
0.018349328944829307 0.01756956119198718 0.01684721483729708 0.016176608177497356 0.015552755786453298 0.01497126800172844 0.014428266922000992 0.013920315904620074 0.013444360151092018 0.012997676438829275 0.012577830429198234 0.012182640276887495 0.011810145500775509 0.011458580264762657 0.011126350368433645 0.010812013369663745 0.01051426136038903 0.010231905997422474 0.009963865456098548 0.00970915302856944 0.009466867133051036 0.009236182537047558
0.20082802937328148 4.151141022930099 1.5862736513415787 0.0005664543146171186
0.07864295238852428 0.0764166637073142 0.07432128465986237 0.07234582510376876 0.07048047097997455 0.06871643384588924 0.06704582250300707 0.0654615330963115 0.06395715471327555 0.06252688803468404 0.06116547501392175 0.059868137906165374 0.05863052625007091 0.057448670634636614 0.05631894227289212 0.05523801755979575 0.05420284692049926 0.053210627361970284 0.052258778229879066 0.05134491974688405 0.05046685397061249 0.04962254786183671
0.016018004184190016 0.015185392924976707 0.01441765463728522 0.013708322912787606 0.01305170142960272 0.012442758774481833 0.011877039294806576 0.011350587306575602 0.010859882465760822 0.010401784499195411 0.0099734858062968 0.009572470699200164 0.009196480257936806 0.008843481948364668 0.008511643290971963 0.008199308984267966 0.007904980981912264 0.0076273011017549235 0.007365035810572324 0.007117062882910843 0.006882359678054868 0.006659992817306599
0.23824261312547557 4.198299605269865 1.3100582445190057 0.0003264341703463195
0.081666406303331 0.07942131063117008 0.07730597943866238 0.07530970885383115 0.07342292074833676 0.07163702115024166 0.06994427909637117 0.06833772262990502 0.06681104923020474 0.06535854843252828 0.06397503477771313 0.06265578954378444 0.061396509966689876 0.06019326486698517 0.059042455772033584 0.057940782766100006 0.05688521441918091 0.05587296124397905 0.054901452212699674 0.05396831393421433 0.05307135214995955 0.052208535255622655
0.017085638329247924 0.01622626841978506 0.015432221288477595 0.014697134094093043 0.014015385167338098 0.013381994932494942 0.012792541615151346 0.012243089320253484 0.011730126490633304 0.011250513101934508 0.010801435231442919 0.010380365868338218 0.009985031021336034 0.00961338033454792 0.009263561550009392 0.008933898260802568 0.008622870486116473 0.00832909767223483 0.008051323783976029 0.007788404201684271 0.007539294181232754 0.00730303867007181
0.2158680132895605 4.1274441743596055 1.4663037464783963 0.0005148106715754287
0.08049584114703656 0.07825640397815964 0.07614729962635948 0.07415770117160271 0.07227792831641386 0.0704993021856542 0.06881402123011528 0.06721505480923894 0.0656960516368213 0.06425126076539307 0.06287546318398538 0.06156391242890322 0.06031228287265746 0.059116624573974444 0.05797332375101371 0.0568790680879055 0.055830816207314 0.0548257707436175 0.05386135453624159 0.05293518953371104 0.05204507805856291 0.051188986133373374
0.016637702028915076 0.015789606133075142 0.015006621601856729 0.014282347163281816 0.013611133830917244 0.012987983474235307 0.012408462653072917 0.011868629201746438 0.011364969495310856 0.010894344692600267 0.010453944545069645 0.010041247600504094 0.009653986827001254 0.009290119843707154 0.008947803077319672 0.008625369272740102 0.008321307876758116 0.008034247888759732 0.007762942834942828 0.007506257574665347 0.007263156691167742 0.007032694255489742
0.06755536038023924 2.0068647770003922 5.021462339149403 0.0003544322667643194
0.07887986881180142 0.07672071458811898 0.07468846331558542 0.07277239924061263 0.0709629680618009 0.06925162541396372 0.06763070817840638 0.06609332475763234 0.06463326117201283 0.06324490040992979 0.06192315292301582 0.06066339652861425 0.05946142428122905 0.05831339911810289 0.057215814282532335 0.05616545869102873 0.055159386543992404 0.05419489058974689 0.053269478543005 0.05238085223462666 0.051526889132711896 0.05070562592791355
0.01700140461736991 0.016181747278950196 0.015424523447078628 0.014723524883012581 0.014073292544121105 0.013469011567197544 0.012906422849144538 0.012381748329738686 0.01189162762990753 0.011433064136050147 0.011003378970547664 0.010600171569375188 0.010221285814083884 0.009864780848612968 0.009528905860199034 0.009212078224967309 0.00891286451804386 0.008629963969511227 0.008362194014648836 0.008108477642366304 0.007867832291720965 0.00763936008465015
0.05290363083181371 1.354737579293268 6.603033947461774 0.0005903126438474691
0.07907286619877324 0.07695404316799294 0.07496072750655416 0.07308217531354634 0.07130883018355023 0.06963216441677897 0.06804454485581803 0.06653911904459005 0.06510971823594275 0.06375077443063655 0.06245724915185344 0.06122457207553889 0.06004858797077219 0.058925510673481174 0.0578518830347312 0.05682454196204478 0.055840587816959955 0.054897357550746095 0.05399240105793915 0.053123460308142044 0.05228845088355272 0.051485445605473724
0.017189003002964533 0.016417908453448465 0.015704784915710434 0.01504382301225663 0.01442993073393693 0.013858629410209251 0.013325966817628125 0.01282844429463275 0.012362955354518286 0.011926733778655085 0.011517309559042756 0.011132471366283514 0.010770234463683245 0.010428813183972685 0.010106597242507929 0.009802131287826274 0.009514097193368617 0.009241298677928476 0.008982647910787215 0.008737153813566325 0.008503911816959047 0.008282094868590302
0.04616540391912172 1.0399949016200698 7.621359809070375 0.0004778500738027172
0.07799207619064401 0.07591841807577629 0.0739687706033048 0.07213237482612661 0.07039968117279798 0.06876218451979252 0.06721228540741182 0.0657431727210134 0.06434872408485423 0.06302342094210592 0.06176227586766689 0.060560770115077815 0.05941479976149497 0.058320629105397113 0.05727485020589541 0.05627434764206659 0.05531626772484097 0.05439799151982082 0.0535171111426019 0.05267140887313584 0.05185883870590127 0.05107751001091855
0.01718920893886154 0.016451230326406524 0.015768538462469655 0.015135537697911112 0.014547336895229242 0.013999644600931307 0.013488682007736008 0.013011110349761724 0.01256397006518441 0.012144629598932661 0.011750742138999416 0.011380208911047558 0.011031147917667173 0.010701867216458844 0.010390841996930404 0.010096694849096706 0.00981817872366555 0.009554162170197852 0.009303616509861197 0.00906560465664388 0.008839271347744941 0.008623834582338312
0.06524221395305763 1.688217322029593 5.5012111305819245 0.00025662172820993567
0.08214900908483842 0.07994620280157684 0.07787222639790113 0.07591623578952528 0.0740685610599114 0.07232055313787814 0.07066445363359948 0.06909328389963422 0.067600750119969 0.06618116181671173 0.06482936163369948 0.06354066463397279 0.06231080565317242 0.06113589349845759 0.060012370984219215 0.05893697996084306 0.05790673062826374 0.056918874537739944 0.05597088077769325 0.055060414916181494 0.05418532033651002 0.053343601655925436
0.01692893927418325 0.01614497432864762 0.015419840360741965 0.014747727043813356 0.014123524517252004 0.01354272488938373 0.013001339401516265 0.012495828499480974 0.012023042585647115 0.011580171642840382 0.011164702255505997 0.010774380821004561 0.010407181959170874 0.01006128130210972 0.009735031987149406 0.009426944290576169 0.009135667933457074 0.008859976667648267 0.00859875481324407 0.008350985470843918 0.008115740175168789 0.007892169792402242
0.06862364180124869 1.891312668540204 4.978403631441411 0.000729172371300112
0.08092550933277504 0.07875035490030356 0.07670182198772578 0.0747693219744363 0.07294340319021346 0.07121560392949118 0.06957832741492057 0.06802473502904559 0.06654865481268109 0.06514450277215689 0.06380721497424773 0.06253218875992397 0.061315231693539356 0.06015251709636126 0.05904054520311114 0.05797610913581402 0.05695626501737147 0.055978305653124366 0.05503973729644065 0.054138259087383934 0.05327174481447493 0.05243822670060545
0.017584732238382705 0.01675476678642394 0.015987160545231385 0.015275787977946279 0.014615254407054178 0.014000794670498404 0.013428187627417603 0.012893683777097773 0.012393943768035206 0.011925985983960686 0.011487141722400767 0.011075016745976135 0.010687458200473626 0.010322526067169428 0.009978468458068447 0.009653700178064493 0.009346784072575191 0.009056414756972792 0.008781404388306206 0.008520670192935396 0.008273223507816107 0.008038160129919451
0.2399036137811591 4.361112217564826 1.26538171116425 0.0004299168896678807
0.07915000870672288 0.07694155242063008 0.0748618631742717 0.07290022336876222 0.07104705268651024 0.069293763785736 0.06763263901188026 0.06605672470805098 0.06455974031533443 0.06313599994546795 0.06178034450705179 0.06048808279094958 0.05925494018557681 0.05807701391004919 0.056950733831894064 0.055872828083551415 0.05484029281405751 0.053850365513799944 0.05290050143481863 0.051988352699837974 0.05111174975250103 0.05026868485112989
0.016854102670807877 0.01599231776512284 0.015196859397622114 0.014461190951389388 0.013779545886283561 0.013146823651080289 0.012558501299881663 0.012010558219012505 0.01149941183291327 0.011021862531886247 0.01057504636865809 0.010156394318546072 0.00976359710059921 0.009394574723190208 0.009047450054133913 0.008720525828071876 0.0084122645970503 0.00812127120751307 0.007846277451219626 0.007586128591210867 0.007339771508775936 0.0071062442549537155
0.058248347812614565 1.5056440580491293 5.855026553260995 0.0008053820940636732
0.08049924307301352 0.07836494209743858 0.0763553261423088 0.07445989679740304 0.07266929453195503 0.07097514948850993 0.06936995491433458 0.06784695936465013 0.06640007454011086 0.0650237962000754 0.06371313605606659 0.06246356292149101 0.06127095169351422 0.06013153898592848 0.05904188442953425 0.05799883681808947 0.05699950441039346 0.056041228808205897 0.055121561919910585 0.054238245594674904 0.05338919357416254 0.052572475460900985
0.017997225809491365 0.01718157557344013 0.016426746830997593 0.015726741629921853 0.015076286548721361 0.014470730353745161 0.01390595803151351 0.013378318295444022 0.012884562225534496 0.012421791143036282 0.01198741217525398 0.011579100247952617 0.011194765469557798 0.01083252505409994 0.01049067907777674 0.010167689484191033 0.009862161851330686 0.009572829513574813 0.009298539697899103 0.009038241387757474 0.008790974673025127 0.008555861381645588
0.21134504797637232 4.120900077588567 1.4739167499297263 0.00046335324445240017
0.07975858699395791 0.07753931208744876 0.07544920800759164 0.07347754340296907 0.07161472352204641 0.06985214627009467 0.06818207918892681 0.06659755396385586 0.06509227566570829 0.06366054442341143 0.062297187618317804 0.06099750101358979 0.059757197495243324 0.05857236231736536 0.057439413921704645 0.05635506954855369 0.055316314977385886 0.054320377836724734 0.05336470400693844 0.052446936710072896 0.05156489793990007 0.05071657193503793
0.016865294958196685 0.016005393473473847 0.015211519691175769 0.014477181439518035 0.013796649596351507 0.013164855198699836 0.012577302037498015 0.012029992186479486 0.011519362367628742 0.011042229423056835 0.010595743461837746 0.01017734749389067 0.009784742562193386 0.009415857548031235 0.009068822958447324 0.008741948116015159 0.008433701262873291 0.008142692167155397 0.00786765688334953 0.0076074443710160465 0.007361004720540931 0.007127378771708642
0.06786612205003817 2.1373587276354975 5.145523941206678 0.0004731338430566398
0.07756495982598603 0.07539112896912147 0.07334678005974152 0.07142082953125495 0.0696034113047216 0.06788571587133892 0.06625985393371965 0.06471874039679042 0.06325599529349317 0.06186585886216045 0.060543118497200996 0.05928304569995089 0.05808134148333039 0.05693408894861898 0.055837711967945534 0.05478893908190882 0.053784771865906585 0.052822457137406395 0.05189946247441701 0.05101345459668916 0.05016228022878995 0.0493439491206369
0.015767130791930976 0.014987838730637536 0.014268968201377413 0.013604409561255897 0.01298880259809817 0.01241742977501166 0.011886126619834854 0.011391206220291723 0.01092939537101349 0.010497780382916362 0.010093760935337126 0.00971501064725968 0.009359443281676589 0.009025183688833727 0.008710542749305107 0.00841399570396411 0.008134163360780926 0.00786979575257141 0.007619757888977389 0.007383017302951 0.0071586331391395456 0.006945746570655766
0.20730822075392907 3.9430190834099146 1.5287271788277137 0.0004753206345932194
0.0819715730321751 0.07972790907912164 0.07761358061708434 0.07561794905413256 0.07373149150620256 0.0719456608734709 0.07025276605713547 0.0686458690802487 0.06711869644559508 0.06566556252487224 0.06428130314851276 0.06296121787157764 0.06170101964182965 0.06049679080209375 0.05934494452886867 0.058242190949666116 0.05718550729816805 0.05617211156337172 0.05519943916996033 0.05426512229503249 0.0533669714833541 0.05250295927133527
0.017300166711536252 0.016433824495938176 0.015633100043962327 0.014891624321881113 0.014203767542111013 0.013564540701421941 0.012969511758600966 0.01241473406887796 0.01189668511086626 0.011412213881790192 0.01095849561391582 0.01053299269168258 0.010133420834828823 0.009757719765600895 0.00940402770415479 0.009070659140487242 0.008756085417675592 0.008458917733091927 0.008177892224197037 0.007911856855628504 0.007659759866294584 0.007420639570471852
0.09510032544063185 2.8156731170467 3.504094123410973 0.00042735944184765654
0.07830105581411223 0.07610733524591534 0.07404254975264515 0.07209585864532343 0.07025758567624223 0.06851906917003579 0.06687253434041 0.06531098411769612 0.06382810548037574 0.0624181888203673 0.06107605830479382 0.05979701154762898 0.058576767189794605 0.05741141921908262 0.05629739705202952 0.05523143055674183 0.05421051932513285 0.05323190561023925 0.05229305043336316 0.051391612440035976 0.050525429145889394 0.04969250026559594
0.016419697613127636 0.015582795846885433 0.01481068503095775 0.01409691334898215 0.013435799918775894 0.012822328744495565 0.012252059001540808 0.011721048892837944 0.011225790820234354 0.010763156020979731 0.010330347147183483 0.009924857531751112 0.009544436100190635 0.009187057063740432 0.008850893673320204 0.008534295432044418 0.00823576826139126 0.007953957196523444 0.007687631252859487 0.007435670161324748 0.007197052715809147 0.006970846514870092
0.24945128643561176 4.30404321438195 1.2531938238588833 0.0005946064028867437
0.08143348513204386 0.07918214230015402 0.07706135781489777 0.0750603253099347 0.07316937882403475 0.07137984888374203 0.06968393943276534 0.06807462223648676 0.06654554598708382 0.06509095781773101 0.06370563532647512 0.062384827529912305 0.06112420342811699 0.059919807076731134 0.05876801823872931 0.05766551783429397 0.05660925752819501 0.055596432894653255 0.05462445968357355 0.0536909527822346 0.05279370752543153 0.05193068305664364
0.016758741956202097 0.015910561461327855 0.015127157316768905 0.014402191831267489 0.013730068746576224 0.013105833703278467 0.012525089623274192 0.011983924561579354 0.011478850013398753 0.011006748013856678 0.010564825653682011 0.010150575867479309 0.00976174354222325 0.009396296150437345 0.00905239824165311 0.008728389232388 0.008422764023194793 0.008134156044673997 0.007861322395408576 0.00760313078576442 0.007358548044176651 0.007126629978355061
0.04770539831275711 0.9795996290943001 7.388012371614659 0.0004462634129268448
0.08004055300333242 0.07795032508942755 0.0759838736028984 0.07413057025421527 0.07238096915703682 0.0707266472266898 0.06916006961869482 0.0676744757729468 0.06626378249729871 0.06492250120743064 0.06364566698043343 0.06242877750952218 0.0612677403911027 0.06015882745166959 0.05909863504505088 0.05808404943140972 0.05711221649678334 0.056180515192503194 0.05528653417288464 0.05442805119126199 0.05360301488207039 0.05280952861287623
0.017842775412196053 0.017090412859881284 0.016393797538285976 0.01574734794421437 0.015146177531597846 0.014585992497422836 0.014063006704935519 0.01357387055101329 0.013115611233653925 0.012685582382639967 0.01228142141464098 0.011901013288245433 0.011542459583564743 0.011204052029522 0.010884249760751854 0.010581659713678358 0.010295019674361685 0.010023183574204385 0.009765108697556858 0.0095198445207714 0.009286522947774682 0.009064349744694607
0.07395306313827998 2.191569104020573 4.66189365440044 0.00031892815454192267
0.07943166469373729 0.07724164716337821 0.07518038116205418 0.07323700485646796 0.07140183107674926 0.06966619460425602 0.06802232236231684 0.06646322265610832 0.06498259032126147 0.06357472521101151 0.062234461909554076 0.06095710892850508 0.059738395942407346 0.05857442786242622 0.05746164474595159 0.056396786702592905 0.05537686309097532 0.05439912541133448 0.053461043390551716 0.052560283832477 0.051694691869965274 0.05086227430826482
0.016558895541517474 0.015747403440783875 0.014998024401026364 0.014304577727238617 0.013661626787361162 0.01306437521845282 0.012508579428206006 0.01199047457183048 0.011506711714009289 0.01105430430859404 0.010630582467802406 0.010233153765596798 0.009859869540409502 0.009508795841168873 0.009178188306081903 0.008866470382456351 0.008572214393222501 0.008294125035880343 0.008031024965644371 0.007781842169212826 0.00754559888095615 0.0073214018310918325
0.25194942926191477 4.463687546867407 1.2695318923117622 0.0004201874592539246
0.08005925898787053 0.07779543976465306 0.07566466772434856 0.07365577855628555 0.07175880219612284 0.06996481008424156 0.06826578484703558 0.06665450872522578 0.06512446773330567 0.06366976906628301 0.062285069700492315 0.06096551448508206 0.059706682306046664 0.058504539138133686 0.057355396991700745 0.056255877919618544 0.05520288237999136 0.05419356135887591 0.05322529174741049 0.05229565454309719 0.05140241550806412 0.050543507970118196
0.015599808942546627 0.014790437663911622 0.014044060576467978 0.013354403488428099 0.01271593898858407 0.012123784487586038 0.011573615795707384 0.011061593645602141 0.010584301035007645 0.010138689641180641 0.009722033864297038 0.009331891305419462 0.008966068687245542 0.008622592391639636 0.008299682924025532 0.007995732726737073 0.00770928685590949 0.007439026113071552 0.007183752286181683 0.006942375207789685 0.006713901382200254 0.006497423970506216
0.20047895006635008 4.142434916756111 1.6249157338545652 0.00025621883045036896
0.07913675975490918 0.0768892453658128 0.0747741442747242 0.07278031815877137 0.07089782295511173 0.06911775577536942 0.06743212434215991 0.06583373524775295 0.06431609800060807 0.0628733423619069 0.061500146908118426 0.06019167710798594 0.058943531489519016 0.05775169470751642 0.056612496515025305 0.05552257580103978 0.054478848988088725 0.05347848219229184 0.052518866639093165 0.0515975969035195 0.050712451607133203 0.049861376257013465
0.015619141474705691 0.014804306112548576 0.014053134309832408 0.013359263806035226 0.012717091907434025 0.012121671495229101 0.01156862292034147 0.011054059128722144 0.010574521840151205 0.010126926990403552 0.009708517960106208 0.009316825368376372 0.008949632417054643 0.008604944941247653 0.00828096546128047 0.007976070645854804 0.007688791690863947 0.007417797196656298 0.0071618781915598504 0.006919935003593984 0.006690965727452974 0.0064740560716294
0.05751495016935271 1.3171244229582113 6.190162341125263 0.0005430378678941614
0.0826416977129006 0.08047742867128561 0.07843944778632966 0.07651711912838094 0.07470096262786993 0.0729825021677809 0.07135413682079347 0.06980903125886094 0.0683410221154419 0.06694453767809928 0.06561452876601281 0.06434640902932515 0.06313600321529865 0.06197950219557052 0.060873423751430414 0.05981457827945228 0.05880003871536827 0.05782711408560856 0.05689332618804975 0.05599638897987657 0.05513419031398493 0.05430477571838236
0.017803410868009246 0.01701975955271077 0.016294076951189597 0.015620655751587664 0.01499447998882275 0.014411126827449862 0.013866684178531367 0.013357681321486537 0.012881030252397934 0.01243397591561409 0.012014053821329116 0.011619053827746275 0.011246989087513218 0.010896069335987529 0.010564677842574435 0.010251351462901659 0.009954763324454321 0.009673707755801458 0.009407087133107717 0.009153900369932012 0.008913232819509825 0.00868424739450378
0.06098608185463461 1.7841232555342486 5.5538263644029495 0.0006229998465440695
0.07842089996451791 0.07628640024670864 0.07427770218722589 0.07238413357913905 0.07059618653471438 0.06890536433727905 0.06730405159087507 0.0657854036824815 0.06434325232296365 0.06297202453044065 0.06166667289726828 0.06042261536522062 0.05923568304267145 0.05810207484808044 0.057018317967885 0.05598123328338385 0.05498790505774542 0.054035654286694226 0.05312201520933495 0.05224471455262653 0.05140165314714876 0.05059088960535433
0.017164981771653313 0.016353882407387905 0.015604358520053109 0.01491026932873371 0.014266220766695328 0.013667459640221948 0.01310978474601839 0.012589471942585959 0.012103210750057184 0.011648050512156616 0.011221354519647246 0.01082076078709428 0.010444148409656117 0.010089608615997236 0.009755419786718213 0.00944002583226356 0.009142017425859805 0.008860115670190639 0.008593157844818648 0.008340084937657923 0.00809993071035453 0.00787181208605263
0.39959842985909333 5.135727237941373 0.7042184366730672 0.0009129370539100034
0.08086445106373313 0.07861178450252138 0.07649015185735454 0.07448867975242116 0.07259764436179433 0.07080832619209537 0.06911288590440355 0.06750425777482462 0.06597605799444275 0.06452250549604462 0.06313835339033268 0.06181882941662561 0.060559584076706446 0.05935664533692447 0.058206378961942216 0.057105453690854874 0.05605081058856197 0.0550396360068609 0.054069337674482666 0.05313752350620196 0.05224198278066202 0.051380669386633215
0.01641570722305396 0.015569525574922456 0.01478858361674099 0.014066460712866297 0.013397489489688781 0.012776654708752423 0.012199507256865921 0.011662090785305963 0.011160878963964034 0.010692721668859397 0.010254798708871546 0.00984457993255333 0.009459790748582875 0.00909838225186289 0.008758505277928435 0.008438487816350163 0.008136815303378366 0.007852113388516841 0.007583132831756657 0.007328736240035995 0.00708788639491075 0.006859635959877377
0.06122973068414861 1.6671900291477344 5.4470433804937 0.00036441781280696205
0.07998248444890124 0.07785304557923664 0.07584764096253763 0.07395587409312919 0.07216846948201389 0.07047712687400064 0.06887439739506009 0.06735357792026735 0.0659086206443259 0.06453405538826987 0.0632249226179534 0.06197671550575113 0.060785329654587154 0.059647019337027714 0.05855835929266116 0.05751621128293832 0.05651769473081284 0.055560160878253065 0.05464116998223714 0.05375847114257641 0.052909984415553286 0.05209378491807937
0.018182360851554454 0.01734356035606837 0.016567438662079208 0.015847835689540627 0.015179329970276611 0.0145571353844658 0.01397701421865758 0.013435203692767631 0.012928353645791393 0.012453473501523106 0.01200788698043066 0.011589193300552632 0.011195233833205318 0.010824063359570722 0.010473925220588976 0.010143229771825572 0.009830535652494329 0.00953453345783267 0.00925403146990949 0.008987943156373178 0.008735276191756262 0.008495122793456027
0.22796674777726333 4.2253343188950385 1.3048100489057066 0.0006415041496641734
0.07923202518336661 0.07704748589283295 0.07498942684894233 0.07304739669078673 0.0712120451652167 0.06947498439868073 0.06782867023061012 0.06626630036924501 0.06478172670343672 0.06336937956733969 0.0620242021312776 0.0607415933988812 0.0595173585416053 0.058347665507800496 0.05722900701326921 0.0561581671605383 0.05513219205041781 0.05414836384618928 0.0532041778315116 0.05229732207071081 0.05142565933684019 0.05058721102064387
0.017630851886712123 0.016741078623160287 0.015919107111200485 0.015158317820989876 0.014452863995494204 0.013797568126879949 0.013187833914771413 0.012619571171683304 0.012089131588750765 0.011593253638246693 0.011129015185150005 0.010693792621524985 0.010285225535248377 0.00990118608707426 0.009539752403854233 0.009199185406292214 0.00887790858120951 0.008574490284388683 0.00828762822344871 0.008016135823140539 0.007758930219778034 0.007515021668728635
0.05159590239811951 1.3392351140311824 6.616724290464093 0.0003423560777581295
0.07835872010444031 0.07626381464307923 0.07429289432003403 0.07243535362741325 0.07068175852163898 0.06902368985591965 0.06745361108477307 0.06596475599963382 0.06455103307287385 0.0632069436341346 0.06192751161645293 0.06070822301968315 0.05954497356767556 0.05843402330083491 0.05737195706040714 0.05635564999548514 0.055382237366374265 0.054449088034952554 0.05355378112899448 0.052694085447053014 0.051867941236552646 0.051073444032742804
0.017553017798651156 0.016766844116763355 0.01603971793492769 0.015365727446880114 0.014739690202905144 0.014157047434466068 0.013613775773619068 0.013106313190879265 0.012631496607409379 0.012186509134265012 0.011768835283796634 0.011376222809597708 0.011006650079474012 0.01065829808449631 0.010329526346844415 0.01001885211802727 0.00972493236352259 0.009446548114880614 0.009182590839769432 0.008932050537365474 0.00869400531333446 0.008467612227326244
0.06575279839556503 1.8495422513531772 5.250795767251554 0.0004606915050729174
0.08014053858396257 0.07796947575483337 0.07592565997469922 0.07399836751119099 0.07217803585762396 0.07045611224474203 0.0688249249928243 0.06727757383436406 0.06580783605979809 0.06441008591470596 0.06307922513832802 0.061810622904625745 0.0606000637273187 0.05944370213405955 0.05833802311359662 0.057279807502394704 0.05626610161080131 0.05529419049904608 0.05436157440457556 0.05346594789799373 0.052605181408029375 0.051777304808758015
0.01713145402448582 0.016321001567453586 0.01557182131093549 0.01487784364280105 0.014233730565726585 0.01363477306529586 0.013076804733401844 0.012556128802598243 0.012069456288108339 0.011613853364742811 0.0111866964500126 0.010785633740750466 0.010408552172898947 0.010053548953917961 0.009718906963202899 0.009403073434795937 0.009104641433878293 0.008822333718282394 0.008554988641917111 0.008301547811226172 0.008061045250733508 0.007832597871078276
0.2563195473897252 4.307453570337577 1.2394563958870557 0.0008051540205340475
0.08237984371783653 0.0801060433016759 0.07796397849581257 0.07594275611592645 0.07403263143892709 0.0722248634062972 0.07051159078170753 0.06888572587713035 0.06734086306071255 0.06587119974431317 0.06447146794218327 0.06313687481304628 0.0618630508602302 0.06064600467988393 0.059482083324708626 0.05836793749723434 0.05730049090821676 0.0562769132368181 0.05529459621357386 0.05435113241772218 0.0534442964397031 0.052572028109487745
0.016536709343138833 0.01570129859323155 0.014929601597512398 0.014215392582198375 0.013553173222565345 0.012938075101868686 0.012365776771277778 0.011832433017998198 0.0113346143719342 0.01086925522453974 0.010433609212876413 0.010025210749948249 0.009641841769108647 0.009281502903678867 0.008942388449215992 0.008622864560190001 0.008321450219240408 0.008036800588955633 0.007767692415893295 0.0075130112064742405 0.007271739936171992 0.007042949088493832
0.08111481559637868 2.2786903365030082 4.25822964128853 0.0006738898740417337
0.08110911296212542 0.07889487673808687 0.07680966232039177 0.07484269526793794 0.07298435339896057 0.07122601879181932 0.06955995169530334 0.06797918271264576 0.06647742028664526 0.06504897104543693 0.06368867099729386 0.06239182590986677 0.06115415949124224 0.05997176822021819 0.058841081861552104 0.05775882885675384 0.05672200590870474 0.05572785118410097 0.054773820645532 0.053857567098182596 0.05297692159732858 0.05212987691410432
0.016911056236096005 0.016084972296357032 0.015321595355409372 0.014614755031588343 0.013959013748729973 0.01334956608627389 0.012782153663806592 0.01225299292045337 0.011758713635879112 0.011296306429960566 0.01086307779259185 0.01045661144927245 0.010074735074371113 0.00971549153188898 0.009377113960746199 0.009058004134085184 0.00875671361457913 0.00847192730404486 0.008202449048812116 0.007947189014723157 0.007705152589279056 0.007475430604886899
0.23413633325954353 4.2910234601412505 1.3626833311852768 0.0004817303389151456
0.0804720194379768 0.07821673689030897 0.07609328969545906 0.07409067614872843 0.07219906496726293 0.07040964640715587 0.06871450511792826 0.06710651119058754 0.06557922648814894 0.06412682385826089 0.06274401724149004 0.06142600102551447 0.06016839727035395 0.05896720965498911 0.0578187831809 0.05671976882082948 0.05566709242753554 0.054657927322313594 0.05368967007055448 0.05275991902470703 0.05186645527628624 0.05100722571006825
0.01611307531558594 0.015285230188415669 0.014521332631288953 0.013815058839443494 0.013160832476553086 0.012553723318431785 0.011989361236829806 0.011463862981893693 0.010973769676194884 0.010515993300873976 0.010087770752905697 0.009686624295550445 0.009310327422621126 0.008956875319901355 0.008624459240776308 0.008311444223366642 0.00801634966757813 0.007737832366019748 0.007474671645538337 0.007225756328459973 0.006990073266372642 0.006766697235938481
0.2630190476532964 4.584666319331244 1.210083112282677 0.00047763834147128285
0.07946087451752357 0.0771993272486825 0.07507121678017435 0.0730653009528102 0.07117154498261502 0.06938096642934924 0.06768550301436488 0.06607789952696562 0.06455161073643503 0.06310071777292972 0.061719855881930574 0.060404151815292816 0.05914916941389214 0.0579508621756017 0.05680553179825551 0.05570979184859744 0.054660535841536635 0.053654909124560037 0.05269028405408786 0.051764238027259456 0.05087453399683287 0.05001910315076513
0.015332810001983364 0.01453147783410761 0.01379286234997059 0.0131106842206122 0.012479415302499085 0.01189417556789656 0.011350645818072774 0.010844993533900919 0.010373809696904778 0.009934054799898822 0.00952301257897869 0.009138250252541407 0.008777584259933876 0.008439050661474833 0.00812087950029032 0.00782147254047204 0.007539383890160925 0.007273303095998114 0.007022040359962253 0.006784513583334066 0.006559736987342308 0.006346811097526287
0.05552824182020799 1.4901779235294434 6.3696957577062685 0.0004410519961552254
0.07907485865348311 0.07693391046464408 0.07492000598335438 0.07302226146706443 0.07123099568074169 0.06953756931757701 0.06793424927108171 0.06641409342657935 0.06497085247359609 0.06359888589979022 0.06229308985103964 0.061048834960929305 0.05986191258896187 0.058728488177892675 0.05764506066022364 0.05660842702262479 0.05561565128311078 0.054664037255644796 0.05375110457556338 0.05287456754084539 0.052032316391990914 0.0512224007096948
0.016694620490461408 0.015930699386876083 0.015224575255054567 0.014570442581832118 0.01396321245040813 0.013398408857989472 0.012872082055760703 0.012380735813296616 0.01192126612376119 0.01149090934951714 0.01108719818981351 0.010707924155620533 0.010351105478706735 0.010014959575959992 0.009697879345966207 0.00939841270089954 0.009115244839012094 0.008847182846257783 0.008593142283627803 0.008352135472594556 0.008123261237016772 0.00790569589782475
0.06610005764943305 1.6798933032462406 5.43575137668897 0.0005920162366711443
0.08271686385882733 0.08050846770830838 0.07842886464451045 0.07646724657969176 0.07461397203078715 0.07286041427231835 0.071198832349521 0.069622261082096 0.06812441691088314 0.06669961701541051 0.06534270959149996 0.06404901354933894 0.06281426619255252 0.06163457768248403 0.06050639129056239 0.059426448604256714 0.058391758985758095 0.05739957269275726 0.05644735716194424 0.0555327760316676 0.054653670543389064 0.053808043014426855
0.0170711160191277 0.016283438784512827 0.015554681006240838 0.014879043773929082 0.014251424667404956 0.013667320204073985 0.01312274373345889 0.012614156074441118 0.012138406705702822 0.011692683729521982 0.01127447115631955 0.010881512319842883 0.010511778444250615 0.01016344155525328 0.009834851066141721 0.009524513482489855 0.009231074761652186 0.008953304938918974 0.008690084694536934 0.008440393587290929 0.008203299723001368 0.007977950661747692
0.046907465557411876 1.1177912439520192 7.401498417317007 0.0007884020579570771
0.0776517042294839 0.07558019372654043 0.07363237837534133 0.071797551947398 0.07006620788272425 0.06842987630139742 0.06688098674226327 0.06541275204596086 0.06401906970183338 0.0626944376872658 0.061433882388153706 0.06023289663417681 0.05908738623785901 0.0579936237115395 0.05694820806630726 0.055948029783227195 0.05499024019877075 0.05407222467024697 0.05319157898870093 0.05234608859051775 0.0515337101882609 0.0507525554988032
0.017278449139530225 0.016526637718565544 0.015831266607154386 0.015186631361668455 0.014587743048561391 0.0140302223397184 0.013510211470466361 0.013024300711819405 0.012569466693442203 0.01214302044794423 0.011742563465818808 0.01136595038020586 0.011011257161804804 0.010676753911990461 0.01036088150817944 0.010062231488735295 0.009779528672114908 0.00951161609191735 0.009257441900183735 0.009016047948984578 0.008786559807592204 0.008568178011398895
0.05337336382935076 1.4356717748528067 6.4486481606181805 0.0006961854159502891
0.07834769592227517 0.0762374800150095 0.07425230567583395 0.07238147201845811 0.07061545974281472 0.06894577338197069 0.0673648079656247 0.0658657358425512 0.0644424102239611 0.06308928265779751 0.061801332159064394 0.06057400413274399 0.05940315755614463 0.058285019153895765 0.05721614351460676 0.05619337827380626 0.05521383363126357 0.054274855588520396 0.05337400238943094 0.0525090237266844 0.05167784234382022 0.05087853771765628
0.017216142937275303 0.016433984390431648 0.015710834328249452 0.015040775521547036 0.014418620474208133 0.013839805876073438 0.013300304384969357 0.012796550583212326 0.0123253785797163 0.011883969221123192 0.011469805264484285 0.01108063317299027 0.01071443044268444 0.010369377565512648 0.010043833892885877 0.00973631679223109 0.009445483593064706 0.009170115903850305 0.008909105950150998 0.008661444641393266 0.008426211120325416 0.008202563587888763
0.04787110960733021 1.1633284688612888 7.192967356989205 0.0005247443936041784
0.07785122660042688 0.07577683485057296 0.07382592682128607 0.07198785541996972 0.0702531613384463 0.06861341246439885 0.06706106850859476 0.06558936638093607 0.06419222272290083 0.06286415069213738 0.061600188639538145 0.06039583875232204 0.059247014083032526 0.05814999266268459 0.057101377620997776 0.05609806241890094 0.055137200446958246 0.054216178364823724 0.05333259265660733 0.052484228959316245 0.05166904378965586 0.050885148351075535
0.01746051109738468 0.016696340618698582 0.015989490602045728 0.01533418663725515 0.014725374950073953 0.014158616402937961 0.01362999824965985 0.0131360603407137 0.012673733146276884 0.01224028548823 0.011833280283970767 0.011450536929861092 0.01109009920988201 0.010750207820469263 0.010429276766917463 0.010125873018928188 0.009838698919606644 0.009566576928742562 0.009308436351647818 0.00906330176238293 0.008830282877419235 0.008608565674654511
0.05661406032546901 1.5026066126384798 6.178003779330589 0.0005667727022198485
0.07959245715152342 0.07745143460372199 0.07543680327497142 0.0735377979069716 0.0717448353105351 0.07004935753998645 0.06844369917346943 0.06692097452674943 0.06547498142503602 0.06410011878882811 0.06279131579271273 0.0615439707585668 0.06035389826830256 0.059217283242792844 0.05813064094580343 0.05709078204467484 0.056094782000996476 0.05513995418076231 0.05422382616937487 0.05334411885622848 0.05249872791954171 0.05168570739707964
0.017099993326052096 0.016319107540952196 0.015597041333047163 0.014927921701846567 0.01430659534450224 0.013728525373210856 0.01318970483985424 0.01268658403749833 0.012216009143461638 0.011775170238125266 0.011361557105711965 0.010972921519441453 0.010607244950274604 0.010262710828596547 0.009937680641485357 0.009630673272304028 0.00934034709019542 0.009065484379320041 0.008804977765027148 0.008557818349490846 0.008323085314975135 0.008099936790645988
0.24588704002469675 4.311203905073961 1.2906376941906657 0.0004309715748103352
0.08128508206353317 0.07902358863518695 0.07689372833945214 0.07488456439560721 0.07298631852572486 0.07119022421231022 0.06948840129038579 0.06787374841068132 0.06633985052625156 0.06488089905237855 0.06349162275321497 0.06216722773723765 0.060903345212109876 0.059695985869761464 0.05854149995370359 0.05743654221021453 0.05637804104897396 0.0553631713417254 0.05438933037341273 0.053454116532037604 0.052555310383701356 0.05169085782994371
0.016353541273273334 0.015520125871277136 0.014750694735947947 0.014038956625148735 0.013379359825542501 0.012766992409012998 0.01219749750603746 0.011667001120962767 0.011172050454339897 0.010709561054108552 0.010276771407281919 0.009871203820103442 0.00949063062791437 0.009133044934504581 0.00879663521114658 0.008479763193128745 0.008180944600650893 0.007898832284832704 0.007632201461062052 0.00737993674319704 0.007141020735034047 0.006914523971427949
0.05742705424663308 1.349184217498928 6.177219087557085 0.0008689403114146515
0.08214852517788014 0.07998798432134997 0.07795372446323197 0.07603509352264082 0.0742225986439957 0.0725077536617313 0.07088294983077788 0.06934134582572454 0.06787677376947478 0.06648365865387472 0.06515694899484908 0.06389205694944568 0.06268480643219525 0.06153138801901881 0.060428319630755435 0.05937241215472883 0.058360739299081 0.05739061108673261 0.05645955048842523 0.05556527277104662 0.05470566720127104 0.05387878079782499
0.01770706838666817 0.01692273969299819 0.016196592873025516 0.015522888110508734 0.014896581923454472 0.014313228119002916 0.013768894732568265 0.01326009409253925 0.012783723708669549 0.012337016122530037 0.011917496208025064 0.011522944688857477 0.011151366863226259 0.010800965705737912 0.010470118661641803 0.010157357566172196 0.009861351217555625 0.009580890210487084 0.0093148737010332 0.009062297826708119 0.008822245549051545 0.008593877722143137
0.048610302539949135 1.1614361547716148 6.99852076027727 0.0006881010566733561
0.0784547358508828 0.07638116273899012 0.07443031571845908 0.0725916797361699 0.0708559050496145 0.06921465074875689 0.06766045267630784 0.06618661145533364 0.06478709716701687 0.0634564678789543 0.062189799745705064 0.06098262681877144 0.05983088903596282 0.05873088712791635 0.05767924339610685 0.056672867492569994 0.055708926475051955 0.0547848185288356 0.05389814984316787 0.05304671421003419 0.052228474979177465 0.051441549058289245
0.01793448352983975 0.017152620364228335 0.016429106085268604 0.015758100324290463 0.015134486114551506 0.01455376437017412 0.014011965881597619 0.013505577598727569 0.01303148062204424 0.012586897830629079 0.01216934947670718 0.011776615393350967 0.011406702714055836 0.011057818204209835 0.010728344465963973 0.010416819408102011 0.010121918477746695 0.009842439236216123 0.009577287931042698 0.009325467773216632 0.009086068675585191 0.008858258246982368
0.0732493533371984 2.0738399362794193 4.870004624663398 0.0007605155593255793
0.08086371166470163 0.07864483880080099 0.07655634816557574 0.07458723849637171 0.0727276993711729 0.07096895614152933 0.06930313817361367 0.06772316646458648 0.06622265743181964 0.06479584025578419 0.06343748562532578 0.062142844111112074 0.0609075926981974 0.059727788256653896 0.05859982693159252 0.05752040859968012 0.05648650567559027 0.05549533566434512 0.05454433694870817 0.05363114737825589 0.05275358529135998 0.051909632655365634
0.016247640602586263 0.015460469636030927 0.014733328334153376 0.014060248875594896 0.013435982673376125 0.012855899778044497 0.012315904134097812 0.011812361933605565 0.011342040831291566 0.01090205820027132 0.010489836939853205 0.010103067613856804 0.009739675913388108 0.009397794612550166 0.009075739327458806 0.00877198750469659 0.008485160160114677 0.008214005966750218 0.007957387354798574 0.007714268339641094 0.007483703837942126 0.007264830268447853
0.0607115079252758 1.6244278114595887 5.730297317060906 0.0003902301899233292
0.08043205276581501 0.0782734504969046 0.07624147427771381 0.07432542429360972 0.07251576464415901 0.07080397055374482 0.0691823987959638 0.0676441773638068 0.06618311116553394 0.06479360112092128 0.06347057450785853 0.062209424790905465 0.061005959471226154 0.059856354746702395 0.05875711597392392 0.057705043089517884 0.05669720028424914 0.05573088933527961 0.054803626094508326 0.053913119707668024 0.05305725420274143 0.052234072139620336
0.01731451421435511 0.016515645966961024 0.015776815543773318 0.015092071859574351 0.014456185071354958 0.013864544492630776 0.013313072861575743 0.012798154063914347 0.012316571970789225 0.011865458495166677 0.011442249323323661 0.011044646060190575 0.010670583753920871 0.010318202947723891 0.009985825554827132 0.009671933972531035 0.009375152949249512 0.009094233798574308 0.008828040620222868 0.00857553824197292 0.008335781641538916 0.008107906644552286
0.2253311725789099 4.117060236830531 1.3545632135690917 0.0005314737020974905
0.0809150390334568 0.07870044007066078 0.07661350999344217 0.07464374614022096 0.07278174747262225 0.07101907639042121 0.06934814044159403 0.06776209072958617 0.06625473438268503 0.06482045890628457 0.06345416660951195 0.062151217600166925 0.060907380089626505 0.05971878695290475 0.05858189765687601 0.057493464808486355 0.056450504689978045 0.055450271244050144 0.05449023305195519 0.0535680529145945 0.05268156970300342 0.05182878219206371
0.0176375036897184 0.016754598216833793 0.01593855966792203 0.015182897396577265 0.014481874249235912 0.01383040617761978 0.013223976782618031 0.012658564358251318 0.012130579431589869 0.011636811141602263 0.011174381082793007 0.01074070347072901 0.010333450676149075 0.00995052333025366 0.009590024332340066 0.009250236197273255 0.008929601268456235 0.0086267043952834 0.00834025773519048 0.00806908739151466 0.007812121641203299 0.007568380542389158
0.07224602447856643 1.9039510824091133 4.817156631856462 0.0006334615521492163
0.08254403518733704 0.08033945798773431 0.07826258959496925 0.07630280861955006 0.07445062748948576 0.07269754677277909 0.07103593111256223 0.0694589031749157 0.06796025266942643 0.06653435803130778 0.0651761187794121 0.0638808969083606 0.0626444659521107 0.061462966583715244 0.060332867802085334 0.059250932909365464 0.05821418960847503 0.057219903654549716 0.056265555580502745 0.05534882008895371 0.05446754776296479 0.05361974879848054
0.0175752285318995 0.016749237061460063 0.015984982921713797 0.015276439018188282 0.014618292343894378 0.014005845720458885 0.013434934780148833 0.012901857580240334 0.012403314726104326 0.01193635826756878 0.011498347945082603 0.01108691361387313 0.01069992287806823 0.010335453132357668 0.009991767343825229 0.00966729301710943 0.009360603876806579 0.009070403875797332 0.008795513199971077 0.008534855991052267 0.008287449551834507 0.00805239483366017
0.06424175765052698 1.6858703320892319 5.453500498735633 0.0007211289910788813
0.08158193014791107 0.07940116385967823 0.07734767719216068 0.0754107801639152 0.07358093764909689 0.07184961892542459 0.07020916989330958 0.06865270412485827 0.06717400961878883 0.06576746870916875 0.06442798903395636 0.06315094383793791 0.061932120182587466 0.06076767387722805 0.059654090143011 0.058588149182573566 0.05756689596079695 0.056587613611408676 0.055647799974665665 0.05474514684651869 0.053877521582308026 0.05304295075043178
0.01739392338572395 0.01658946682825237 0.01584525967565107 0.015155366202881848 0.014514564220493248 0.013918245054847036 0.013362329378783204 0.012843196115330687 0.012357622166401154 0.011902731139376975 0.011475949580713659 0.011074969495291785 0.010697716147330734 0.01034232031413691 0.010007094306320494 0.009690511184049934 0.009391186693668367 0.009107863526713257 0.008839397567341497 0.008584745846977526 0.008342955968755502 0.008113156800687624
0.24900070759194726 4.51638839028139 1.2208637616448952 0.0005832577379647069
0.0781097529935478 0.0759015533749652 0.07382311710793377 0.07186355663824955 0.07001314893739057 0.06826318657525808 0.06660585065415663 0.06503410202045795 0.06354158781376218 0.06212256093204003 0.06077181041102144 0.05948460105713066 0.0582566209513665 0.05708393566912457 0.05596294824788693 0.05489036408876492 0.0538631601052751 0.05287855753842242 0.051933997945134765 0.051027121940535596 0.05015575033604826 0.04931786736698175
0.016269918236686824 0.015425825894245564 0.014647423004114585 0.013928167807630202 0.013262297054348681 0.01264471972894508 0.01207092696931384 0.011536915475613613 0.011039122195947123 0.010574368466969809 0.010139812105954008 0.009732906209619367 0.009351363626147566 0.008993126239549325 0.008656338347343475 0.008339323529237448 0.008040564500876174 0.007758685526528404 0.007492437030842163 0.0072406821049719764 0.00700238464844025 0.006776598926649065
